15,12,189,60,20,0,12,88,2,1,7,3,121,1,3342
8,13,272,197,25,0,11,94,2,0,52,15,208,8,29264
12,10,52,51,21,0,18,71,1,1,12,3,116,1,2622
22,7,185,25,14,0,13,49,1,0,3,1,73,0,8953
13,7,185,70,18,0,16,79,2,0,13,2,135,0,5050
10,8,146,51,14,0,18,44,0,0,13,12,74,0,3916
20,11,287,179,24,0,18,125,0,0,68,19,499,7,13059
56,7,1540,61,16,0,38,111,2,0,24,3,528,0,5813
13,6,146,52,14,0,21,56,1,0,20,3,76,0,2382
11,10,146,74,20,0,10,50,1,3,20,11,98,0,5255
6,7,83,28,16,0,10,29,0,0,3,3,35,0,1051
18,6,179,22,13,0,9,49,2,1,2,0,50,0,789
31,5,155,5,5,0,2,28,0,0,1,0,23,0,266
10,12,146,66,20,0,10,57,1,0,7,2,89,1,3764
6,7,30,22,12,0,7,52,1,0,1,0,28,0,592
16,10,289,101,19,0,31,95,2,2,40,6,226,0,34680
7,7,101,156,19,0,58,88,2,0,36,45,152,0,18469
36,5,252,8,8,3,4,18,0,0,1,0,34,0,451
9,8,163,68,19,0,17,69,2,0,9,8,113,0,10204
9,6,33,35,11,0,22,37,1,0,13,1,65,0,3721
19,9,199,52,20,0,15,61,3,0,10,7,122,1,2913
30,6,150,27,13,0,9,46,1,0,6,4,133,0,1809
15,7,211,96,14,0,32,37,1,0,32,1,205,0,4820
13,8,187,36,13,0,17,63,1,0,9,8,65,0,2042
19,30,301,249,22,0,12,164,2,0,44,3,616,0,12900
13,10,121,68,20,0,27,51,0,0,19,10,155,2,4954
14,10,96,33,13,0,8,36,0,0,7,0,61,8,1660
25,7,174,26,14,0,9,43,1,0,7,1,82,0,1477
13,6,219,24,13,0,17,48,1,0,2,0,34,0,719
18,7,886,69,16,0,49,37,1,1,11,15,207,0,3762
3,14,27,53,14,0,12,56,1,0,4,1,41,13,2634
25,8,146,62,19,0,12,93,1,0,10,1,184,0,3324
24,5,146,8,8,0,4,31,0,0,0,0,23,0,3237
8,9,146,41,20,0,15,33,1,0,9,3,43,2,1905
15,6,599,157,13,0,74,73,1,0,62,31,361,0,10027
12,7,143,48,19,0,16,81,1,0,4,0,64,0,1551
46,7,192,54,18,0,18,94,1,4,19,1,334,0,4312
39,7,877,32,14,0,10,47,1,0,7,0,169,0,2481
28,6,338,54,12,0,22,52,2,1,25,9,225,0,4780
18,9,357,94,21,0,30,56,1,6,16,16,259,0,5531
16,6,237,45,13,0,38,40,1,0,17,2,74,0,2445
15,10,872,134,17,0,43,112,5,3,28,32,261,0,8341
10,7,96,93,15,0,16,16,1,0,25,24,125,0,5959
10,9,212,109,16,0,19,69,0,0,14,24,145,0,5233
19,9,688,65,20,0,26,38,2,2,17,5,168,0,4941
12,8,179,72,17,0,25,36,1,0,17,10,118,0,6533
51,5,282,6,6,0,2,30,0,0,1,0,43,0,432
5,7,33,34,12,0,12,33,1,0,10,5,43,0,3593
9,8,92,91,19,0,31,79,1,0,19,7,145,0,5525
20,9,276,71,18,0,17,89,3,0,14,1,180,0,3469
8,11,142,46,18,0,11,37,0,0,3,0,60,0,1986
46,7,571,67,18,0,19,62,2,0,21,1,417,0,7810
22,9,201,27,12,0,7,37,1,0,7,3,82,0,1784
22,6,660,50,11,0,26,74,1,0,10,10,165,0,3032
11,8,142,105,18,0,28,122,1,1,21,13,141,0,11354
11,7,122,41,16,0,31,17,2,0,10,6,51,0,2046
62,5,678,14,7,0,10,24,0,0,4,0,137,0,1319
18,7,198,31,14,0,20,58,1,0,8,0,68,0,1360
24,8,451,95,18,0,25,38,1,3,37,1,346,0,10733
21,9,273,91,19,0,22,102,1,0,3,7,194,1,4026
7,12,390,174,23,0,36,76,1,1,39,34,196,8,10411
19,8,147,43,17,0,20,50,1,0,9,2,90,0,2566
7,8,115,47,19,0,12,32,1,0,5,8,55,0,4796
15,7,76,24,16,0,12,55,1,1,4,1,61,0,2318
47,8,1000,64,18,0,17,62,2,0,14,3,434,0,6559
12,7,146,89,16,0,33,45,1,2,17,5,145,0,3466
12,10,99,105,19,0,15,55,1,1,30,5,194,0,10096
31,7,229,32,14,0,10,41,1,1,10,1,138,0,2147
41,6,325,37,14,0,19,87,1,0,16,1,241,0,2903
11,9,142,51,18,0,10,82,1,0,12,1,64,1,3946
28,12,368,174,25,0,41,125,1,7,53,9,720,2,34656
12,8,141,24,14,0,6,38,1,1,7,1,35,0,2470
13,11,142,87,17,0,10,55,1,0,22,9,158,1,18251
6,6,170,49,12,0,31,31,1,0,8,6,39,0,2558
11,6,167,32,14,0,16,34,2,0,4,3,59,0,1624
19,13,567,79,19,0,16,65,1,0,24,10,220,5,5385
15,8,472,131,24,0,33,79,2,3,33,19,290,1,7899
27,5,146,6,6,0,2,31,0,0,0,0,20,0,5197
59,8,656,89,20,0,47,36,1,4,12,7,910,0,7749
13,7,262,51,16,0,31,70,1,0,16,8,84,0,3156
16,7,79,21,10,0,9,27,0,0,1,0,65,0,946
9,5,45,17,9,0,8,71,1,0,1,1,43,0,562
26,12,527,56,21,0,21,49,1,0,10,1,192,1,3084
16,7,144,40,15,0,19,60,1,5,2,5,88,0,1654
14,8,79,44,18,0,18,81,1,0,6,3,108,0,2194
1,7,16,13,10,0,4,27,1,0,2,2,17,0,624
36,8,548,66,17,0,19,96,1,3,5,0,284,0,5279
7,11,146,66,20,0,16,42,1,0,14,5,65,4,3020
10,8,186,93,17,0,25,45,2,1,22,24,148,0,13945
12,7,253,79,15,0,25,65,1,0,25,1,118,0,10715
14,6,143,25,12,0,13,30,1,0,7,2,47,0,1424
16,10,144,54,19,0,16,66,2,0,13,6,127,1,2841
13,6,143,25,13,0,10,37,1,0,7,1,35,0,1709
19,7,143,9,9,0,3,30,0,0,1,0,23,0,386
11,8,189,97,21,0,23,62,1,0,15,11,116,0,5387
27,6,388,22,12,0,12,31,0,0,6,1,103,0,3368
41,7,1132,42,13,0,23,59,2,0,14,0,265,0,3178
10,6,141,29,12,0,20,36,1,0,6,3,41,0,1273
19,6,160,20,11,0,13,30,1,0,5,1,42,0,960
9,10,110,169,17,0,31,77,1,0,63,4,225,0,31627
4,18,146,131,12,0,13,31,0,0,9,2,82,0,3482
17,9,165,47,18,0,11,45,0,1,14,5,122,0,3243
24,11,353,108,20,0,25,118,1,0,32,1,344,0,6453
19,7,461,49,14,0,23,81,1,0,16,1,147,0,6790
43,7,413,49,16,0,16,94,1,0,11,0,279,0,3413
31,10,2002,145,18,0,31,75,2,0,38,2,693,0,9631
13,9,164,191,15,0,39,87,1,0,72,7,301,0,10195
9,7,43,27,14,0,18,38,1,0,11,1,79,0,3169
43,8,524,122,20,0,32,192,1,0,33,1,739,0,9275
28,7,385,55,12,0,13,45,3,0,24,2,251,0,4076
10,12,345,185,35,0,27,78,1,0,33,20,256,4,11171
15,7,187,24,13,0,10,50,1,0,2,4,90,0,1306
34,6,482,24,12,0,10,58,1,0,5,1,113,0,1477
12,8,143,40,12,0,12,30,1,0,5,7,54,0,1857
22,15,529,83,15,0,10,70,1,0,10,14,275,0,4676
22,9,329,62,19,0,16,45,1,0,16,3,197,1,4014
13,7,119,79,17,0,28,28,1,0,14,20,195,0,4376
14,6,209,28,12,0,19,70,1,0,7,0,45,0,1277
26,6,207,21,9,0,13,54,1,0,4,0,75,0,974
42,8,1829,122,16,0,40,99,1,0,29,8,739,0,9152
15,7,331,64,21,0,40,35,1,0,13,1,120,0,3069
26,10,889,63,25,0,27,55,1,0,13,3,245,1,4002
8,9,146,61,18,0,17,31,0,0,5,8,75,0,2971
6,12,623,203,19,0,31,47,1,0,34,5,168,7,7030
20,7,236,37,14,0,22,98,1,0,9,0,103,0,3151
20,8,223,62,18,0,22,44,2,0,12,4,180,0,3164
24,9,606,63,18,0,20,94,2,0,13,1,202,0,3159
25,9,792,55,20,0,18,36,1,0,16,1,229,0,5319
13,7,144,52,17,0,24,61,1,1,11,3,102,0,1974
36,12,531,104,23,0,8,63,1,1,20,9,613,8,7352
27,6,143,8,8,0,2,30,0,0,1,0,30,0,402
17,9,378,52,20,0,9,67,2,0,8,6,116,0,2606
38,6,377,47,10,0,19,31,0,0,17,9,299,0,4846
7,7,25,23,11,0,12,27,0,0,10,1,84,0,3941
26,7,370,48,12,0,18,83,2,0,16,1,178,0,3281
22,7,143,25,11,0,10,30,0,0,8,1,84,0,1434
11,8,145,22,16,0,9,24,0,0,2,3,24,0,998
13,10,288,179,21,0,30,93,5,0,52,39,321,0,11731
18,6,189,29,13,0,24,79,2,0,2,0,62,0,1191
16,10,211,54,21,0,18,59,1,0,11,2,116,1,2547
14,12,164,111,23,0,30,88,1,0,20,16,212,8,6997
13,8,144,26,16,0,11,56,1,0,2,1,61,0,1370
12,11,277,88,20,0,18,32,1,0,5,16,169,0,4206
16,8,194,31,15,0,18,35,0,0,3,3,68,0,1273
16,8,142,38,13,0,14,66,1,0,9,0,78,0,2401
5,7,35,11,10,0,3,27,0,0,0,1,22,0,456
15,9,111,34,17,0,13,48,2,0,4,2,73,1,1423
17,7,215,47,14,0,17,93,2,0,19,0,130,0,5217
14,7,189,20,13,0,7,33,1,0,5,3,33,0,1067
13,7,105,37,17,0,13,57,1,0,7,1,67,0,3062
10,9,228,95,14,0,19,46,1,0,31,1,98,0,4142
16,7,213,46,14,0,25,97,1,0,11,0,86,0,3300
6,5,26,6,6,0,2,27,0,0,0,0,20,0,316
31,11,963,49,18,0,18,49,1,0,9,3,217,1,3058
12,6,143,27,10,0,9,24,2,0,7,6,36,0,1514
9,6,144,51,13,0,28,36,1,0,8,11,145,0,3903
11,8,316,48,16,0,21,81,3,0,8,8,365,0,5401
14,7,236,42,13,0,22,55,1,0,9,7,84,0,2087
6,12,146,184,22,0,30,98,1,0,25,39,141,0,9521
18,10,258,88,20,0,16,38,2,0,7,12,236,7,4585
14,6,78,34,11,0,16,58,1,0,7,6,81,0,1943
24,6,179,25,12,0,11,51,1,0,4,1,82,0,1182
19,13,142,113,23,0,15,100,1,0,27,0,250,2,8379
24,9,652,116,17,0,18,127,1,0,40,1,396,0,8131
41,7,470,71,16,0,21,46,0,10,10,15,514,0,10052
10,8,48,41,16,0,10,33,1,0,13,2,63,0,2015
21,6,294,40,14,0,16,89,2,0,3,1,99,0,1566
37,9,623,106,20,0,35,244,1,0,14,0,624,6,6893
29,6,292,28,10,0,16,91,5,0,3,0,99,0,1368
6,11,144,153,25,0,27,64,1,0,14,22,113,8,6650
8,7,82,22,13,0,10,52,1,0,1,1,36,0,727
6,11,144,125,19,0,40,56,0,0,21,11,107,0,5056
16,10,146,39,14,0,7,59,1,0,7,4,74,0,1766
13,8,146,60,16,0,11,51,1,0,17,2,86,0,2748
48,7,563,48,19,0,19,125,1,0,7,2,315,0,3741
28,8,305,81,17,0,22,106,1,0,5,2,286,0,3843
37,6,175,16,10,0,8,27,1,0,4,0,104,0,1126
34,7,581,57,20,0,17,75,1,0,9,1,316,0,3449
16,7,181,35,12,0,15,86,1,0,2,1,64,0,1121
7,12,144,80,13,0,12,30,1,0,5,7,68,0,2564
11,8,195,70,17,0,17,39,2,0,21,2,100,0,3141
15,7,77,24,13,0,10,33,1,0,4,3,75,0,1353
9,8,127,84,19,0,25,34,1,0,18,6,125,0,4450
29,7,490,31,15,0,15,38,0,1,11,1,131,0,2250
10,10,92,77,16,0,19,63,1,0,24,4,118,0,3965
28,7,356,53,16,0,17,95,2,0,16,2,239,0,4718
9,11,144,55,16,0,9,69,1,0,10,3,59,5,2407
18,11,454,140,23,0,37,200,1,0,27,1,306,6,7401
17,13,222,69,22,0,6,83,2,0,14,3,164,4,3286
18,7,88,63,16,0,22,68,2,0,18,2,159,0,3583
22,8,263,60,19,0,17,75,1,4,10,1,155,0,2780
20,7,188,34,16,0,15,53,1,1,9,2,102,0,2319
20,6,145,31,15,0,12,83,2,0,3,0,79,0,1320
13,7,193,100,16,0,24,113,0,0,19,1,185,0,3998
12,7,233,48,19,0,18,67,1,0,9,3,67,0,1938
39,12,1605,94,21,0,13,49,1,5,17,0,558,6,7339
16,7,144,38,17,0,14,47,1,0,6,4,67,0,1604
17,6,296,35,17,0,24,69,1,0,4,0,89,0,1726
47,7,637,42,14,0,18,41,1,0,9,2,347,0,3866
22,16,179,61,17,0,23,84,2,0,9,1,196,0,3820
1599,5,7975,6,6,0,2,921,6,0,0,0,572,0,11947
13,7,77,48,19,0,24,55,1,0,10,1,124,0,2670
17,8,517,69,16,0,29,52,2,0,15,0,168,0,3022
24,7,167,35,14,0,18,70,1,2,11,1,144,0,1909
50,7,1065,57,14,0,24,99,2,0,21,7,434,0,5416
14,9,197,96,17,0,21,88,1,2,19,8,160,0,4286
8,8,56,80,19,0,18,69,3,0,12,1,86,0,2960
12,12,142,72,22,0,19,65,1,0,16,1,94,2,4722
20,5,312,24,12,0,20,59,2,0,5,1,55,0,1064
17,7,223,48,17,0,21,120,1,1,9,2,108,0,3853
10,8,83,35,14,0,14,27,1,0,4,2,66,0,1557
26,12,676,75,20,0,18,39,1,0,13,5,300,4,4449
8,9,141,122,19,0,24,68,1,1,22,11,126,0,23159
40,5,286,13,9,0,9,31,0,0,4,0,69,0,893
53,11,1173,87,20,0,10,68,1,0,29,3,684,6,14993
20,7,210,78,19,0,37,111,1,0,23,5,175,0,4878
7,11,226,96,22,0,11,66,1,0,15,2,86,7,6628
41,6,548,29,13,0,15,35,1,0,8,3,208,0,3650
31,6,207,24,11,0,11,40,1,0,8,2,104,0,1772
10,25,180,68,16,0,11,37,1,0,22,2,77,0,12473
14,7,158,44,14,0,11,47,1,0,12,3,71,0,2367
6,7,144,54,13,0,17,31,1,0,14,5,32,0,5012
7,14,143,42,22,0,14,36,1,0,5,2,40,1,1436
11,7,143,29,15,0,14,24,1,0,6,2,35,0,1148
23,7,148,26,15,0,11,64,0,0,3,1,79,0,1282
44,6,396,28,12,0,9,73,1,0,6,0,172,0,1977
16,10,352,49,16,0,16,79,1,0,10,1,93,5,2481
27,6,454,21,12,0,16,40,1,0,3,0,81,0,1137
12,10,275,97,21,0,23,80,2,0,20,17,149,1,5176
6,11,164,38,13,0,8,28,1,0,11,9,22,0,2419
18,9,1429,265,21,0,72,74,2,9,73,2,709,0,13098
30,7,144,62,15,0,19,142,1,0,12,1,225,0,3460
26,6,210,20,12,0,6,27,0,0,7,1,67,0,1341
41,11,696,114,27,0,22,116,1,1,42,1,724,1,8931
67,9,2633,111,22,0,42,65,0,2,22,1,1213,0,20085
30,5,142,5,5,0,2,30,0,0,0,0,20,0,1609
11,7,348,116,20,0,30,35,4,0,46,1,163,0,5771
20,9,1011,122,22,0,34,80,1,0,27,7,332,6,6941
8,7,100,70,17,0,19,63,1,0,9,10,230,0,4839
17,8,644,327,20,0,62,89,1,2,122,0,663,0,16994
13,7,163,21,10,0,8,31,1,0,3,6,34,0,1182
11,7,67,30,13,0,14,29,4,0,8,2,62,0,2564
12,8,145,35,13,0,13,44,1,1,7,1,60,0,1402
28,7,183,17,14,0,7,72,1,0,3,1,59,0,910
13,7,332,48,14,0,26,75,1,1,14,4,76,0,2571
56,9,468,47,13,0,10,93,1,2,11,0,360,0,7889
28,9,1143,88,16,0,17,58,1,0,16,17,421,4,21092
26,7,347,33,16,0,13,24,1,0,11,2,112,0,1931
21,9,262,121,19,0,42,97,1,2,40,2,344,0,7274
3,5,24,9,8,0,5,27,0,0,1,0,30,0,540
38,8,347,66,17,0,25,91,2,5,9,3,301,0,4038
5,11,144,46,16,0,8,35,0,0,1,9,35,5,3976
39,7,2285,87,15,0,71,86,1,0,33,0,501,0,6516
12,12,468,93,23,0,17,41,1,0,29,3,272,2,5639
8,5,33,5,5,0,2,27,0,0,0,0,22,0,1189
6,8,145,39,17,0,17,34,0,0,4,0,31,0,1105
32,7,364,37,14,0,15,26,0,0,11,2,159,0,2564
32,6,369,36,15,0,15,63,1,0,12,1,254,0,2598
11,9,158,64,18,0,11,55,1,0,10,1,88,1,2235
12,7,144,49,16,0,15,49,1,0,12,2,69,0,2196
20,7,179,43,16,0,10,44,1,0,13,4,103,0,3733
27,7,535,75,19,0,23,88,2,1,19,10,302,0,10380
19,8,210,68,12,0,14,88,1,4,0,0,161,0,2142
9,9,215,130,15,0,13,46,1,0,32,1,146,0,7869
22,10,612,98,22,0,35,139,2,0,29,1,283,1,5330
7,8,92,75,19,0,19,28,0,1,16,2,52,0,3494
27,7,297,43,13,0,15,38,1,0,15,1,191,0,2959
29,8,520,127,21,0,22,161,1,1,29,1,483,0,9865
23,7,270,37,14,0,22,80,4,0,6,3,92,0,1859
24,6,145,14,10,0,6,30,0,0,3,1,48,0,709
33,5,144,5,5,0,2,31,0,0,0,0,22,0,3937
29,7,299,53,15,0,19,32,0,0,21,2,231,0,3723
11,8,144,59,17,0,13,62,3,0,6,2,83,0,3054
14,7,142,31,10,0,10,34,1,0,9,0,44,0,1925
25,8,406,63,19,0,23,159,2,5,9,1,291,0,2944
14,11,263,109,18,0,34,105,1,0,24,11,189,0,21455
88,7,525,66,16,0,38,55,1,2,15,3,885,0,8080
15,11,489,162,27,0,36,132,2,0,24,5,537,16,7466
21,8,570,55,20,0,17,71,1,1,14,6,173,0,5533
15,7,352,56,13,0,17,61,1,0,21,9,104,0,3450
32,5,172,6,6,0,2,30,0,0,1,0,27,0,312
33,5,146,5,5,0,2,31,0,0,0,0,22,0,2461
52,6,350,18,10,0,10,35,1,0,8,0,150,0,1662
17,8,168,115,19,0,31,123,3,0,15,7,237,0,8962
11,9,284,65,22,0,15,59,1,1,16,1,97,1,2743
31,8,391,36,16,0,17,66,1,0,2,1,142,0,1834
12,8,144,41,13,0,9,40,0,0,8,0,76,0,1634
4,11,142,78,19,0,6,59,1,0,7,8,35,8,7792
36,7,255,83,15,0,32,124,3,1,24,6,404,0,6041
4,12,152,264,15,0,66,67,2,0,71,69,126,0,61426
13,7,162,42,16,0,13,73,1,0,6,6,64,0,2939
11,8,360,86,19,0,60,41,3,0,17,34,138,1,7083
25,11,369,67,20,0,23,47,2,0,23,9,230,1,4875
8,7,33,30,12,0,14,55,1,0,4,1,98,0,1539
10,7,143,28,13,0,7,39,0,0,6,0,29,0,1139
13,7,193,127,17,0,25,45,0,2,34,15,221,0,29490
17,7,111,93,21,0,30,156,2,0,17,1,215,0,5283
19,9,568,79,17,0,27,82,2,0,14,2,206,0,5170
9,7,116,78,19,0,20,74,1,0,11,15,87,0,4794
12,12,72,52,19,0,12,46,1,0,10,2,82,1,4927
11,8,131,36,16,0,9,65,1,0,6,2,63,0,1671
7,15,190,161,19,0,17,37,1,4,28,11,168,5,8175
29,7,461,32,15,0,10,32,0,1,10,1,160,0,2650
16,7,160,55,13,0,16,28,1,1,27,0,104,0,3439
15,8,146,53,15,0,24,33,2,0,6,0,92,0,1873
16,9,161,34,17,0,11,50,1,3,4,0,69,0,1455
11,9,146,169,19,0,34,89,2,0,56,6,221,0,8905
8,10,83,39,18,0,9,57,1,1,9,1,64,1,4065
23,8,298,31,15,0,13,73,2,0,5,3,102,0,1603
69,7,751,40,12,0,19,70,1,6,13,0,414,0,4110
15,9,312,37,17,0,8,68,2,0,4,2,78,2,1436
15,9,145,35,18,0,8,61,1,4,2,1,58,0,1421
18,7,269,55,14,0,30,42,1,0,11,10,126,0,3965
4,6,21,16,8,1,7,32,0,0,5,0,102,0,1091
20,7,231,63,12,0,28,48,1,0,19,4,174,0,3704
46,6,1074,43,12,0,23,57,1,0,3,0,274,0,2642
17,6,159,17,13,0,8,67,0,0,2,1,38,0,721
13,6,85,30,11,0,16,55,3,0,7,0,95,0,1399
8,9,306,101,16,0,16,31,1,1,28,24,123,2,5242
18,7,153,76,20,0,17,94,1,2,24,5,172,0,14931
11,8,144,56,13,0,12,54,2,0,15,3,63,0,2439
8,7,50,51,17,0,16,34,0,0,15,4,68,0,2462
6,13,92,50,20,0,10,14,1,1,10,3,32,1,1961
9,6,38,12,11,0,5,27,0,0,1,1,30,0,647
56,6,411,83,15,0,44,43,2,0,35,4,974,0,29303
33,6,160,14,8,0,6,35,0,0,4,0,74,0,1523
20,9,192,69,18,0,20,37,0,0,11,9,213,4,3973
28,6,146,7,7,0,2,31,0,0,1,0,25,0,4977
18,5,163,11,9,0,7,30,0,0,0,2,25,0,492
12,13,712,162,19,0,12,53,1,2,40,18,304,5,20301
18,7,274,55,15,0,23,43,1,0,16,5,131,0,3354
22,9,202,66,17,0,11,52,1,0,13,3,229,0,3160
15,7,196,53,19,0,20,49,2,1,12,1,97,0,3717
23,8,188,31,13,0,10,60,2,0,5,1,109,0,1523
9,11,144,66,22,0,16,37,1,0,11,2,77,0,3149
18,9,444,49,19,0,16,48,2,0,10,8,132,0,3372
22,7,147,30,15,0,16,63,1,0,1,0,116,0,1450
15,7,219,38,15,0,17,36,1,0,3,0,85,0,1360
18,7,215,48,15,0,24,59,1,0,9,3,145,0,2635
16,7,192,47,15,0,20,74,1,0,14,2,147,0,4058
9,13,487,256,21,0,36,57,1,0,31,30,372,2,60532
15,7,142,78,16,0,18,71,1,0,21,0,125,0,3491
13,8,146,28,15,0,10,43,1,0,7,1,42,0,1392
24,7,195,40,17,0,16,45,1,0,2,2,140,0,2045
17,10,205,80,18,0,17,97,1,0,29,1,156,0,4087
7,5,39,11,8,0,6,27,1,0,1,0,35,0,486
35,8,239,23,9,0,11,36,1,0,9,0,132,0,2312
36,4,146,4,4,0,2,31,0,0,0,0,19,0,1755
33,19,426,113,19,0,24,99,2,0,38,6,515,0,15300
9,9,142,59,15,0,8,49,1,0,9,6,64,0,7458
8,7,33,28,11,0,14,55,1,0,3,0,73,0,1195
11,9,194,72,19,0,17,34,1,0,17,3,82,0,3557
22,6,232,15,13,0,10,80,1,0,0,1,107,0,756
27,7,691,74,17,0,54,92,2,3,21,3,325,0,4438
8,6,27,16,10,0,9,27,0,0,3,0,36,0,775
19,7,996,128,15,0,64,79,1,1,48,2,335,0,7116
23,10,246,47,23,0,15,93,1,1,3,1,138,1,2359
9,10,211,133,23,0,32,71,0,2,25,23,163,1,20777
19,8,506,68,25,0,19,118,3,3,8,1,200,3,3682
39,7,1243,114,19,0,51,130,1,0,28,5,597,0,8133
8,6,27,23,13,0,18,67,2,0,4,0,85,0,1280
34,6,334,12,10,0,7,36,1,0,3,1,56,0,1171
29,6,564,40,13,0,27,32,1,0,9,3,172,0,2477
8,10,151,51,17,0,10,37,3,2,9,1,55,0,1808
11,9,380,148,19,0,27,139,2,11,22,4,185,6,5377
11,7,142,71,17,0,23,42,0,0,14,13,116,0,14246
119,5,611,7,7,0,3,108,2,0,0,0,110,0,934
38,8,221,99,16,0,25,123,0,0,25,2,466,0,7795
26,6,542,33,14,0,18,42,0,0,2,12,122,0,4109
22,8,280,35,16,0,19,74,1,0,6,2,155,0,2096
26,7,889,107,17,0,43,112,2,0,27,6,403,0,6653
12,7,190,47,14,0,16,28,0,2,12,5,114,0,4662
10,7,91,18,12,0,9,13,1,1,3,1,16,0,665
27,6,167,10,9,0,4,24,0,0,2,0,36,0,502
10,6,120,35,12,0,15,56,1,0,5,5,157,0,1862
13,9,146,39,20,0,15,66,1,5,4,3,62,0,1723
14,7,190,47,17,0,24,29,1,0,7,0,79,0,2027
10,11,166,75,14,0,13,28,1,0,14,4,84,0,2969
9,11,543,132,21,0,32,39,0,1,26,23,167,2,7111
13,6,205,54,14,0,48,35,1,0,18,2,81,0,2405
11,7,250,76,17,0,16,71,1,0,9,13,136,0,4250
14,6,561,83,17,0,31,94,1,1,10,23,212,0,5029
35,6,382,32,9,0,11,39,0,0,20,0,188,0,2737
11,10,146,63,17,0,15,41,1,0,17,3,91,1,3051
23,7,302,180,15,0,55,141,2,2,51,26,495,0,12314
22,6,390,79,13,0,42,93,1,0,18,0,220,0,5145
13,8,141,29,12,0,9,49,1,0,5,1,40,0,1664
12,7,146,33,14,0,9,31,1,0,8,7,50,0,2175
16,9,127,91,16,0,27,71,2,0,22,1,170,0,4218
11,9,142,56,19,0,17,50,1,0,8,3,88,0,5511
81,5,334,6,6,0,2,39,0,0,0,0,49,0,701
40,9,205,22,10,0,5,40,0,0,7,1,123,0,1844
22,10,747,51,21,0,12,65,1,4,6,2,164,0,2621
19,6,143,16,12,0,9,30,1,0,3,0,44,0,892
43,6,176,22,9,0,10,35,0,0,8,2,143,0,1748
22,7,284,65,16,0,21,72,1,1,15,2,192,0,4490
11,8,163,114,17,0,35,68,1,0,11,12,142,0,8898
64,7,686,40,15,0,22,70,1,4,12,1,351,0,3941
3,11,130,73,17,0,11,72,1,0,8,2,50,7,3964
19,8,648,63,21,0,23,73,1,0,13,3,168,0,3095
22,6,208,16,11,0,9,33,0,0,4,1,49,0,817
13,7,312,45,16,0,21,30,1,1,13,4,80,0,6780
15,7,164,26,13,0,17,36,1,0,2,1,60,0,920
94,6,594,31,9,0,15,31,2,0,13,0,524,0,4010
9,9,102,59,15,0,29,20,1,0,12,4,70,0,2407
13,9,94,43,14,0,10,29,0,1,16,1,67,0,2396
11,8,146,47,14,0,17,39,1,0,7,0,67,0,1528
16,7,96,42,17,0,19,69,1,0,8,1,88,0,4165
8,6,42,42,15,0,30,65,2,0,5,2,192,0,2477
7,10,330,145,21,0,52,79,1,7,16,26,150,3,20552
6,12,52,160,23,0,27,61,1,3,37,16,135,6,16136
8,10,165,135,22,0,26,28,1,0,33,7,139,5,5475
9,8,181,71,18,0,19,59,2,3,11,1,64,0,5110
6,11,62,142,24,0,27,64,1,1,33,17,126,5,14558
11,11,88,144,26,0,52,98,1,0,68,5,206,1,21941
6,9,146,84,18,0,30,31,1,0,23,9,62,0,4162
13,10,230,61,20,0,18,29,1,0,8,9,114,2,2887
10,11,171,117,21,0,17,99,1,0,29,5,157,1,4775
14,7,302,81,16,0,25,87,1,0,18,0,158,0,5105
79,5,311,6,6,0,2,34,0,0,0,0,62,0,639
26,7,683,45,15,0,21,31,1,0,8,7,186,0,2704
21,7,170,19,15,0,10,36,1,2,2,1,47,0,786
11,6,230,69,11,0,18,31,0,0,10,13,112,0,3932
6,12,146,115,20,0,15,34,2,43,17,5,81,0,3487
56,5,180,6,6,0,2,32,0,0,0,0,48,0,484
11,10,200,47,17,0,11,36,1,1,14,2,54,3,2411
34,7,353,111,18,0,30,160,3,6,52,1,538,0,8937
10,10,456,508,19,0,62,92,2,7,194,4,609,0,23342
9,7,189,39,18,0,21,54,2,1,2,0,40,0,1064
10,7,135,73,19,0,37,76,1,0,14,9,117,0,10119
19,7,144,29,15,0,11,58,1,0,4,0,60,0,1486
17,7,248,53,15,0,26,46,1,1,9,4,107,0,2872
14,7,146,30,14,0,12,49,1,0,4,0,44,0,1646
24,7,170,17,13,0,8,36,1,2,2,0,47,0,693
6,12,144,64,21,0,18,41,2,0,11,3,50,2,2465
16,8,144,39,14,0,11,51,1,0,12,0,78,0,1794
21,7,154,24,12,0,7,37,1,0,7,0,84,0,1483
5,10,92,144,23,0,56,62,1,1,21,12,160,1,26447
48,6,283,8,8,0,3,31,0,0,1,0,57,0,3938
44,6,501,56,15,0,22,109,3,1,15,4,333,0,4382
27,7,390,20,12,0,10,34,0,0,1,0,74,0,880
24,7,170,17,13,0,8,36,1,2,2,0,47,0,705
9,9,200,133,17,0,22,37,1,0,39,3,139,0,6334
9,13,147,353,12,0,16,40,0,0,91,0,341,0,20443
1115,5,6533,6,6,0,2,194,3,0,0,0,721,0,7812
33,5,141,6,6,0,2,29,0,0,0,0,27,0,289
12,7,146,36,18,0,15,50,1,3,4,2,44,0,2957
20,8,574,127,18,0,35,123,2,3,28,8,314,0,6479
79,7,733,76,16,0,27,164,1,0,16,0,837,0,8101
10,7,51,30,17,0,14,37,1,1,4,2,50,0,1138
24,7,268,33,19,0,12,31,1,2,7,1,116,0,1695
20,6,141,14,12,0,6,49,0,0,1,1,40,0,676
11,7,82,75,18,0,42,83,1,3,34,4,287,0,5407
10,6,58,23,12,0,12,47,1,0,2,2,41,0,1159
26,7,169,64,15,0,18,106,3,1,15,0,192,0,3456
12,6,362,58,15,0,33,35,1,0,6,13,96,0,3056
11,9,285,103,23,0,22,87,1,0,25,18,166,2,11814
8,10,145,46,17,0,11,58,2,3,5,0,42,4,1533
10,14,262,77,17,0,16,70,1,0,14,7,110,5,4036
13,9,242,116,20,0,37,76,2,4,37,2,177,0,5728
22,7,266,60,16,0,19,82,1,0,10,13,200,0,3967
40,7,381,63,18,0,25,36,0,2,22,3,416,0,8202
7,7,146,37,15,0,11,31,1,0,6,8,33,0,2035
32,8,776,30,15,0,8,35,0,0,3,4,142,0,2606
7,6,30,32,12,0,16,40,2,1,11,4,72,0,9532
28,7,242,33,15,0,14,55,1,0,4,1,120,0,1665
19,6,270,43,11,0,20,64,1,0,12,7,108,0,2664
12,9,83,75,22,0,27,36,1,0,27,2,164,1,4309
25,7,621,33,11,0,21,56,1,0,6,0,105,0,1900
13,8,197,59,18,0,38,56,2,4,12,13,140,0,2832
19,9,332,37,23,0,11,48,1,0,6,2,89,0,2069
13,6,132,29,11,0,13,62,1,0,10,2,82,0,1548
16,7,144,63,15,0,14,54,2,0,19,0,139,0,3148
34,6,350,27,13,0,16,40,1,0,6,2,121,0,1797
18,7,154,32,13,0,14,34,1,0,8,0,63,0,1435
14,8,163,47,15,0,10,84,1,0,15,7,85,0,2993
70,7,482,30,13,0,15,124,1,0,8,2,289,0,3296
5,8,144,41,13,0,8,37,0,0,7,10,26,0,2158
32,7,827,56,16,0,28,52,1,4,24,1,259,0,9873
9,16,144,96,20,0,10,41,1,0,19,5,129,6,4563
10,13,563,102,22,0,60,67,2,0,21,17,151,4,11386
7,9,95,56,22,0,10,40,0,0,5,9,77,1,3234
47,7,615,79,13,0,25,92,2,2,38,2,573,0,9641
3,6,22,10,9,0,4,28,0,0,1,0,22,0,1932
7,7,143,59,15,0,40,42,2,0,5,0,46,0,1429
46,6,1412,44,14,0,31,62,0,0,14,4,323,0,4194
14,8,471,113,16,0,33,50,0,4,24,22,233,0,10528
27,5,143,7,7,0,3,30,1,0,0,0,23,0,300
37,7,265,12,11,0,6,27,0,1,1,1,70,0,718
4,18,144,118,20,0,17,33,1,0,25,16,61,8,21786
66,6,2239,40,14,0,32,70,1,0,9,0,429,0,3706
19,7,109,38,14,0,19,53,1,2,11,0,97,0,2012
11,7,142,104,18,0,42,68,2,3,31,17,142,0,35563
35,7,503,104,15,0,27,121,2,6,37,6,468,0,17866
17,9,256,24,11,0,6,27,0,0,5,0,107,0,1090
15,6,266,52,14,0,29,37,0,0,9,1,115,0,2179
17,5,501,38,13,0,34,88,2,0,0,1,82,0,1210
35,8,647,68,20,0,24,90,2,0,23,0,335,0,4722
39,8,445,90,17,0,24,130,1,0,20,3,484,0,8963
21,9,391,81,16,0,20,61,1,0,22,3,207,0,4468
18,7,539,53,21,0,28,53,2,0,11,3,142,0,2709
17,10,276,50,18,0,14,57,2,3,10,1,91,0,2440
10,7,29,19,13,0,8,54,1,0,3,0,85,0,1120
29,6,185,22,11,0,12,42,1,0,6,0,93,0,1304
12,9,195,77,14,0,31,60,1,0,20,2,113,0,9447
45,10,668,100,21,0,40,157,2,0,25,5,682,1,7827
12,8,141,28,13,0,8,32,0,0,3,3,51,0,1099
60,7,614,53,18,0,16,167,1,0,3,1,564,0,4718
78,5,378,6,6,0,2,29,0,0,0,0,63,0,780
12,8,215,94,16,0,20,44,0,0,12,19,141,0,4364
32,7,792,110,22,0,21,47,1,0,34,15,508,0,11084
12,9,199,82,20,0,34,71,1,0,18,3,114,1,3263
18,6,281,31,12,0,15,50,2,0,6,0,71,0,1307
17,7,202,89,13,0,18,29,0,0,34,1,176,0,5312
3,5,12,5,5,0,2,28,0,0,0,0,18,0,5007
13,8,211,94,12,0,26,39,2,0,23,32,153,0,7118
37,7,1290,95,17,0,67,126,0,0,28,2,467,0,6591
30,9,1403,154,23,0,25,140,3,12,31,18,617,0,41708
19,7,573,67,21,0,47,58,2,1,9,12,171,0,3625
16,7,45,11,10,0,5,33,0,0,1,1,34,0,593
12,8,307,106,17,0,40,88,2,0,24,5,140,0,13328
21,7,146,40,13,0,14,80,1,0,10,0,117,0,1843
8,7,44,22,10,0,12,50,1,0,3,0,35,0,789
16,5,280,20,9,0,16,47,1,0,0,1,43,0,635
18,6,214,43,10,0,17,43,1,0,22,1,97,0,2710
10,7,72,24,15,0,7,38,1,0,2,3,49,0,1329
26,7,416,61,18,0,18,59,1,0,16,10,248,0,4145
12,13,341,126,24,0,15,74,2,1,26,14,215,5,30136
7,14,208,90,17,0,24,77,2,0,10,6,68,8,3667
13,8,201,63,21,0,23,67,1,1,17,1,95,1,5216
3,6,33,59,12,0,49,55,1,0,5,7,74,0,2059
11,8,204,51,16,0,10,32,0,1,5,4,74,0,1699
13,6,32,12,8,0,5,27,0,0,3,0,38,0,639
21,6,141,11,11,0,5,35,1,0,1,1,31,0,617
21,7,392,84,13,0,33,83,1,0,34,0,250,0,4526
10,11,197,215,27,0,49,79,1,0,104,3,296,3,12776
10,11,142,74,24,0,18,82,2,1,9,1,90,2,2514
6,6,36,31,12,0,26,27,1,0,7,7,33,0,2969
10,12,160,87,22,0,10,103,2,0,17,1,139,4,15309
4,11,146,82,16,0,10,35,2,0,10,13,33,0,3857
18,9,333,84,18,0,20,49,1,0,18,6,170,0,4090
12,11,144,69,20,0,14,51,1,0,23,6,104,0,5237
36,4,146,4,4,0,2,31,0,0,0,0,19,0,2903
15,6,49,44,12,0,17,82,1,0,12,0,83,0,2802
26,7,256,65,17,0,34,53,1,0,18,1,231,0,4082
11,10,144,56,16,0,15,54,1,0,14,6,76,0,2438
20,10,560,92,17,0,38,71,1,8,26,10,291,0,28145
56,7,367,39,12,0,18,47,1,1,14,0,328,0,3775
34,5,141,5,5,0,2,29,0,0,0,0,22,0,253
11,7,77,95,14,2,22,46,2,0,28,15,143,0,5151
12,7,142,41,15,0,16,30,1,0,11,2,58,0,2023
8,8,58,47,19,0,16,50,1,0,7,6,57,0,3524
14,9,261,55,16,0,18,64,2,0,5,1,111,1,1926
7,10,144,102,20,0,18,44,0,1,21,10,82,0,4455
12,6,160,42,14,0,18,49,2,1,12,8,94,0,8035
27,8,641,100,18,0,25,110,2,4,23,1,403,0,7573
28,6,363,40,14,0,19,56,2,0,9,1,160,0,2163
18,7,162,27,16,0,13,103,1,0,3,1,109,0,2424
15,7,144,40,18,0,11,59,1,0,11,6,76,0,2195
9,10,144,67,21,0,13,70,2,0,13,3,78,2,2672
6,10,146,58,15,0,12,31,1,0,5,5,42,4,1914
11,10,146,57,20,0,14,99,1,5,4,5,77,0,2353
10,9,183,63,15,0,19,14,1,0,18,4,74,0,2936
16,8,151,75,16,0,14,93,2,0,10,4,146,0,2794
7,8,38,39,13,0,12,27,1,5,5,4,52,0,1498
10,13,237,254,24,0,35,93,2,0,44,15,358,20,11916
26,7,482,29,16,0,11,60,1,0,6,1,132,0,2222
11,8,96,41,13,0,16,28,0,1,8,5,64,0,2089
23,7,650,63,17,0,39,44,1,0,19,3,227,0,5635
15,9,170,83,19,0,27,46,1,0,27,6,203,0,12847
5,10,40,28,12,0,7,32,0,0,3,1,29,0,910
11,7,89,55,15,0,18,57,2,0,18,2,192,0,3133
27,8,347,61,24,0,10,27,1,0,12,3,252,0,3386
7,12,288,140,23,0,36,37,1,0,27,6,127,2,5088
21,7,388,45,11,0,8,26,1,0,20,7,141,0,3648
10,8,166,47,19,0,15,37,1,0,10,6,51,0,2510
17,7,165,18,10,0,8,27,1,0,3,4,33,0,1017
21,6,143,23,13,0,11,45,4,0,1,1,56,0,892
11,7,143,27,13,0,8,29,0,0,6,1,41,0,1422
23,6,136,65,12,0,38,85,1,6,15,9,243,0,6924
11,7,142,49,19,0,15,45,2,0,7,1,59,0,1953
29,7,739,63,16,0,35,93,1,0,11,1,236,0,3866
11,12,143,68,18,0,10,55,2,0,15,2,77,4,5089
11,13,150,85,23,0,13,43,1,0,19,1,117,2,6409
26,6,192,18,11,0,6,63,1,0,1,0,62,0,724
18,11,270,77,18,0,11,118,2,0,18,1,231,0,3607
30,7,598,64,15,0,19,80,1,0,26,1,238,0,4498
8,6,104,109,14,0,30,49,1,1,20,27,90,0,5555
21,7,695,53,14,0,19,55,2,0,12,13,143,0,4136
8,8,146,60,16,0,13,48,1,0,8,13,58,0,2913
4,13,144,116,18,0,16,31,0,0,22,27,61,2,5629
22,7,478,54,13,0,18,51,2,0,16,1,207,0,2893
6,7,144,28,9,0,7,31,0,0,6,9,22,0,3347
42,6,331,26,12,0,12,63,1,0,9,2,147,0,2056
9,10,144,123,17,0,17,37,0,0,25,1,132,0,4377
84,5,710,9,8,0,5,30,0,0,1,0,131,0,937
18,6,665,53,15,0,41,64,1,2,8,0,144,0,2830
15,8,485,72,18,0,31,73,2,0,16,8,149,0,4153
29,7,314,69,15,0,24,35,2,0,27,0,269,0,4820
3,7,148,95,13,0,52,28,1,0,17,28,72,0,5214
23,7,266,35,13,0,15,39,1,0,8,0,105,0,2451
17,9,273,195,16,0,39,68,1,0,74,0,384,0,10066
31,5,144,5,5,0,2,31,0,0,0,0,20,0,10445
15,7,287,49,17,0,19,36,2,0,11,3,102,0,2457
13,10,214,57,18,0,19,30,0,0,12,1,77,1,2275
22,11,234,94,20,0,17,71,2,0,21,6,295,3,18611
20,8,427,42,15,0,24,50,1,0,8,4,117,0,2247
42,7,432,113,16,0,20,198,1,0,20,1,611,0,7266
32,6,144,20,12,0,11,47,1,0,5,0,99,0,1451
9,10,176,57,16,0,11,37,1,1,14,8,75,0,3565
16,8,354,108,20,0,30,42,2,3,46,1,212,0,24484
12,8,143,29,13,0,12,37,2,0,1,2,41,0,1285
15,7,287,72,15,0,33,38,2,1,27,8,137,0,4942
23,9,194,26,15,0,5,40,0,0,4,1,90,0,1417
12,7,98,39,18,0,13,62,1,0,6,0,137,0,2032
20,7,499,56,15,0,36,83,1,0,8,1,149,0,2330
22,7,131,21,13,0,10,40,1,0,4,0,92,0,1439
12,7,961,258,14,0,126,70,1,0,85,61,373,0,14543
19,6,313,50,14,0,26,58,2,0,2,8,106,0,2260
11,12,241,79,19,0,35,56,0,0,23,8,122,2,4155
26,6,217,16,11,0,9,30,0,0,3,0,57,0,735
12,9,151,70,16,0,18,89,1,0,10,1,114,0,5172
33,7,477,34,13,0,13,74,1,0,10,0,214,0,2443
46,8,974,230,26,0,60,122,2,0,72,20,1809,0,21781
18,7,156,61,14,0,24,81,1,0,19,0,128,0,3239
45,6,687,60,14,0,32,107,1,0,19,1,351,0,4779
35,7,528,34,14,0,20,56,1,0,11,1,175,0,2352
16,7,307,90,15,0,25,67,1,0,27,17,269,0,10225
36,7,314,43,15,0,16,99,1,0,8,2,205,0,2969
13,10,685,66,16,0,12,37,0,0,18,10,140,6,11311
41,7,559,31,15,0,12,55,1,0,3,3,183,0,2323
3,12,59,47,16,0,5,28,0,0,7,1,38,5,1957
15,7,398,81,18,0,46,39,1,0,19,6,179,0,8985
12,9,179,60,15,0,44,62,0,0,15,10,101,1,9485
12,7,289,63,18,0,20,60,1,1,18,1,86,0,2952
17,6,143,13,10,0,6,29,1,0,1,1,28,0,555
17,8,371,64,19,0,22,71,1,1,12,7,133,0,4986
20,7,333,89,15,0,52,114,1,0,34,17,607,0,16312
25,8,827,126,19,0,41,144,1,2,32,17,411,0,8548
12,7,185,56,17,0,24,110,1,0,11,1,75,0,2066
14,6,144,47,14,0,26,46,1,0,5,11,89,0,2493
5,9,77,83,20,0,32,52,1,5,10,17,67,0,5994
7,5,40,15,10,0,11,29,1,0,2,1,139,0,1223
20,6,145,24,15,0,12,73,1,0,0,1,55,0,896
11,5,36,6,6,0,2,27,0,0,0,0,26,0,349
11,11,144,56,19,0,11,41,1,0,8,3,85,1,2391
22,7,230,52,17,0,14,48,2,0,18,1,178,0,3756
31,7,743,54,14,0,20,105,4,0,14,1,248,0,4676
22,7,256,14,12,0,4,34,1,1,2,1,46,0,708
13,6,157,37,16,0,18,58,1,0,4,1,50,0,1838
20,9,142,69,19,0,15,82,1,0,9,1,161,0,3916
56,9,943,110,17,0,25,269,3,0,27,2,768,0,9401
39,7,1352,69,18,0,48,40,2,0,21,1,426,0,4851
10,15,228,133,23,0,11,72,2,9,25,6,181,5,12950
21,8,323,83,16,0,9,68,1,1,25,15,265,0,5676
29,8,311,63,17,0,26,60,1,0,9,7,223,0,3953
9,11,184,99,22,0,32,67,1,2,23,13,102,5,22434
28,7,607,32,13,0,21,28,1,0,13,2,116,0,2468
17,7,398,43,15,0,20,67,1,0,5,0,121,0,3019
37,6,821,27,11,0,20,18,0,0,3,4,170,0,2470
15,8,470,202,20,0,72,47,2,0,62,17,454,0,10698
25,8,221,57,16,0,10,49,1,0,20,1,211,0,6010
11,8,146,52,17,0,14,36,1,0,16,0,65,0,2305
20,7,242,77,13,0,26,96,1,0,16,15,176,0,4365
31,11,1277,276,17,0,16,219,2,0,75,0,1280,0,17287
11,7,146,49,22,0,18,43,1,1,9,5,69,0,3302
21,9,174,78,19,0,25,43,1,0,22,2,236,1,7063
33,6,204,20,15,0,10,83,2,0,1,4,77,0,1289
29,7,557,51,15,0,13,50,2,0,16,1,251,0,3173
22,7,190,55,16,0,16,80,3,1,11,2,158,0,2659
9,8,144,58,20,0,17,40,1,0,14,4,60,0,2596
4,11,48,61,18,0,22,40,0,1,10,16,37,1,12348
14,7,229,47,14,0,21,38,1,0,13,2,116,0,3985
12,7,264,105,14,0,33,125,1,0,41,0,142,0,90184
21,9,384,64,14,0,19,53,1,0,22,0,180,0,7135
6,7,165,82,13,0,16,38,1,0,14,21,60,0,5794
8,10,214,65,19,0,10,72,1,0,9,0,52,1,2093
17,8,257,117,21,0,21,119,3,0,18,5,248,0,5009
15,9,212,78,18,0,22,47,1,0,22,11,195,0,4879
12,7,141,23,12,0,8,31,1,0,3,1,36,0,1297
16,7,304,48,18,0,21,63,1,3,9,3,97,0,3815
8,9,145,29,16,0,7,30,1,0,2,7,31,0,1431
24,9,489,85,17,0,24,57,1,0,21,4,251,0,7900
10,8,44,61,17,0,11,80,2,0,16,6,81,0,3586
20,7,235,43,15,0,19,40,1,0,13,3,117,0,2464
24,7,168,20,12,0,8,69,1,0,5,0,65,0,999
38,7,750,77,17,0,42,57,1,5,28,1,430,0,11644
11,7,163,46,18,0,26,65,1,0,17,1,117,0,2809
7,11,171,100,23,0,24,31,1,1,18,17,80,7,5033
14,7,144,60,20,0,28,47,1,0,12,3,114,0,2698
23,9,146,38,13,0,7,53,1,0,9,1,108,0,1922
79,5,378,6,6,0,2,29,0,0,0,0,63,0,763
28,7,520,43,18,0,19,54,1,0,15,1,166,0,2896
16,6,181,39,13,0,14,61,1,0,11,5,80,0,2510
75,5,273,6,6,0,2,31,0,0,0,0,38,0,651
9,8,144,51,14,0,9,58,1,0,10,9,52,0,3709
10,8,146,84,21,0,37,72,2,4,11,7,88,0,3744
6,11,101,136,23,0,20,57,2,0,31,14,139,4,11799
8,8,143,29,12,0,19,30,0,0,8,4,26,0,1507
11,9,104,43,16,0,11,59,1,1,14,2,88,0,12476
39,7,830,74,20,0,29,111,1,1,18,1,401,0,5249
7,12,150,68,19,0,10,46,1,0,20,1,42,1,6380
13,8,146,53,18,0,15,58,1,4,6,1,84,0,1924
10,10,186,77,19,0,12,50,1,0,26,4,155,0,4504
23,7,513,56,14,0,28,57,1,0,13,2,181,0,4777
8,9,143,32,13,0,22,30,0,0,1,1,42,0,856
20,7,787,131,14,0,29,84,1,0,15,33,330,0,8032
34,8,301,53,20,0,19,31,1,0,9,1,238,0,3180
36,6,366,29,13,0,12,68,1,0,5,2,148,0,1780
4,12,179,112,21,0,22,41,0,0,11,13,66,0,4126
44,9,1383,84,22,0,29,114,1,0,12,2,618,0,7147
12,10,184,90,19,0,24,64,2,0,19,2,133,0,4031
9,12,58,64,20,0,11,87,2,0,11,3,70,5,2668
9,6,33,20,13,0,13,50,1,1,0,1,29,0,684
10,9,213,164,10,0,17,66,3,0,70,0,172,0,7721
8,12,146,57,19,0,17,34,1,0,11,2,56,4,2462
9,8,176,110,18,0,26,42,1,2,35,5,103,0,5461
11,10,285,108,15,0,39,72,1,0,32,4,453,0,10298
49,9,396,80,16,0,17,32,1,7,15,0,650,0,10995
12,9,207,105,16,0,25,60,1,0,26,17,180,0,8441
8,13,146,177,27,0,36,114,3,0,55,13,173,1,8504
15,7,270,34,18,0,18,52,1,2,2,1,65,0,1264
17,7,339,32,16,0,19,61,2,0,6,0,69,0,1832
43,7,572,82,16,0,25,123,1,0,16,1,461,0,9396
39,7,512,42,15,0,10,36,1,2,10,1,248,0,3157
44,7,1721,92,18,0,40,58,2,7,45,1,644,0,28390
11,7,149,73,15,0,30,58,1,1,17,4,127,0,3053
19,12,312,185,19,0,24,50,1,0,79,0,467,1,11890
15,8,174,41,14,0,9,77,1,0,8,3,92,0,3737
18,7,247,37,12,0,14,36,1,0,9,2,86,0,1811
20,11,675,52,19,0,12,63,2,0,3,1,142,5,2696
10,9,157,35,16,0,9,40,1,0,9,1,51,3,1664
4,10,146,87,20,0,15,37,0,2,12,16,56,0,3920
45,5,227,8,7,0,4,38,1,0,1,0,82,0,507
12,7,57,56,17,0,22,89,1,0,15,0,121,0,3373
15,10,241,61,20,0,19,95,1,2,8,4,99,2,2474
78,7,1566,79,15,0,46,84,1,0,28,1,926,0,9064
23,8,194,37,15,0,22,47,1,0,10,1,120,0,2081
7,13,158,523,20,0,38,129,4,0,155,3,419,0,99232
9,11,146,84,18,0,7,47,1,0,14,2,79,7,3234
12,9,144,63,21,0,19,57,2,2,15,18,118,0,3994
24,6,141,18,12,0,7,44,0,0,2,1,60,0,900
10,9,96,24,12,0,6,14,0,0,3,0,28,0,1000
12,6,142,50,13,0,26,30,1,0,17,6,75,0,2621
11,7,185,79,13,0,23,69,2,0,25,6,93,0,3732
98,6,608,23,11,0,10,70,1,0,1,1,374,0,2709
10,8,166,69,16,0,12,62,3,0,20,4,82,0,3871
19,9,390,87,17,0,37,58,1,0,25,14,241,0,5493
28,7,146,30,14,0,13,57,1,0,6,0,115,0,1542
37,7,561,33,13,0,17,57,2,0,11,3,189,0,2592
19,6,226,37,13,0,20,56,1,0,6,2,90,0,1657
17,7,461,55,17,0,19,46,0,1,14,4,134,0,2809
16,9,231,105,21,0,20,129,1,0,22,1,230,0,4801
10,6,92,31,14,0,15,30,1,1,5,7,34,0,1521
15,7,179,70,11,0,36,41,0,0,17,17,137,0,4931
18,7,254,42,13,0,19,40,1,0,14,7,103,0,2960
7,10,144,128,21,0,30,75,1,0,28,4,96,5,4613
4,6,41,19,12,0,12,30,1,0,1,1,31,0,593
59,6,1000,47,13,0,27,46,1,0,20,4,476,0,12425
14,9,338,68,18,0,17,38,1,1,7,1,167,0,2978
42,8,406,53,17,0,23,121,1,0,14,3,407,0,5165
5,6,24,15,10,0,7,27,1,0,2,2,33,0,734
13,7,143,25,15,0,10,42,1,0,4,1,44,0,971
15,7,87,30,15,0,10,33,1,0,7,0,50,0,1176
5,11,144,47,19,0,7,31,0,0,7,1,32,7,1782
11,8,146,67,13,0,15,49,2,0,19,3,71,0,2897
13,8,167,53,16,0,18,94,1,0,7,1,107,0,1807
3,9,182,79,17,0,12,19,1,0,8,14,39,6,4877
13,6,95,33,12,0,18,34,1,0,4,1,84,0,1299
9,6,302,69,12,0,36,33,1,0,13,24,93,0,4164
12,7,260,45,16,0,18,78,2,0,13,6,71,0,2906
16,7,213,61,18,0,20,59,1,3,17,1,111,0,3491
13,7,326,47,15,0,19,49,1,0,12,1,71,0,3510
17,8,144,45,16,0,7,40,0,0,7,2,114,0,2135
24,7,166,26,13,0,9,56,3,0,6,0,67,0,1367
19,6,152,37,13,0,24,45,2,0,8,3,112,0,2385
31,8,443,28,12,0,8,35,1,0,9,0,124,0,1793
14,7,343,53,17,0,22,48,1,0,6,6,101,0,2164
10,7,146,46,14,0,27,31,1,0,6,9,59,0,2131
8,8,146,35,12,0,5,36,0,0,8,10,36,0,2083
69,7,854,34,15,0,12,51,1,0,5,1,335,0,3139
15,8,146,42,16,0,10,60,1,0,5,4,84,0,2713
33,7,1227,63,19,0,22,133,1,0,14,8,312,0,5458
13,8,472,106,21,0,41,99,2,2,27,5,186,0,6350
51,8,485,123,20,0,44,63,1,0,29,3,1042,0,10083
17,7,259,126,27,0,28,22,0,0,34,17,340,0,7785
14,7,169,27,14,0,10,30,1,0,7,1,42,0,1206
27,10,690,169,23,0,47,174,2,3,40,17,631,2,11372
42,7,585,60,16,0,16,101,1,0,14,1,324,0,4191
31,10,294,22,18,0,5,97,1,0,1,1,95,0,1166
7,8,77,97,18,0,30,68,2,1,23,1,155,0,12597
23,7,282,26,14,0,12,37,1,2,5,2,97,0,1414
13,7,167,34,12,0,13,33,0,0,11,2,56,0,1899
4,20,43,121,22,0,8,84,1,0,23,2,59,10,7827
17,7,301,67,16,0,24,50,1,4,12,4,158,0,3152
12,10,261,114,17,0,11,72,1,0,9,15,188,10,6378
25,6,340,58,16,0,17,57,3,0,10,2,240,0,2827
11,6,627,95,11,0,84,94,2,0,16,19,143,0,4500
9,7,142,37,11,0,16,39,0,0,6,9,47,0,2289
12,9,99,64,15,0,17,34,1,1,16,0,75,0,2590
11,9,424,124,18,0,21,82,1,0,23,15,200,0,5921
13,9,1149,199,20,0,82,88,1,3,49,29,399,0,10004
6,10,80,131,21,0,39,97,1,0,17,21,148,1,20232
30,13,902,84,16,0,27,68,1,6,15,10,402,0,5127
37,6,141,17,11,0,8,29,0,0,1,1,88,0,1030
9,11,63,157,29,0,23,55,1,4,27,14,215,1,17866
27,6,156,14,10,0,6,36,1,0,3,0,56,0,814
32,6,182,27,12,0,9,57,1,0,6,0,118,0,1542
27,8,419,84,14,0,29,125,1,0,19,1,261,0,4825
48,7,1272,53,16,0,24,82,1,5,17,1,349,0,5429
38,6,531,25,15,0,14,62,1,0,0,1,128,0,1370
11,7,56,25,12,0,10,40,1,0,5,1,40,0,2158
22,7,297,29,14,0,11,46,1,0,5,0,98,0,2341
19,7,200,26,15,0,12,65,1,0,4,0,57,0,1163
34,8,365,65,16,0,18,62,2,4,17,5,317,0,4784
17,8,146,45,19,0,13,69,1,0,9,1,100,0,2085
24,7,141,14,13,0,7,48,1,0,1,1,41,0,622
4,8,80,50,14,0,9,27,0,0,9,13,28,0,2696
21,6,162,26,12,0,10,64,1,0,6,1,76,0,1213
12,8,430,106,16,0,24,55,0,0,18,27,180,0,6349
64,6,426,31,15,0,13,32,0,0,4,1,310,0,3608
44,8,283,69,19,0,22,74,1,0,16,2,430,0,5420
16,11,146,44,18,0,9,44,1,0,10,4,93,2,2502
63,6,1200,67,15,0,31,65,2,0,23,1,622,0,17602
25,6,149,24,14,0,16,86,1,0,5,1,159,0,3202
23,5,146,8,8,0,4,31,0,0,0,0,23,0,3179
8,6,67,51,13,0,14,30,1,0,13,12,71,0,2788
12,16,144,127,27,0,22,87,1,0,22,2,200,3,5216
7,11,144,67,17,0,11,31,0,0,3,1,71,0,1632
17,7,98,44,18,0,19,74,2,0,9,1,185,0,3049
20,7,644,102,19,0,58,115,1,0,20,9,433,0,5888
22,10,394,107,16,0,56,75,1,0,29,5,311,0,6113
8,11,169,149,21,0,53,90,3,7,33,17,133,0,6690
26,7,208,41,16,0,13,33,1,0,13,7,180,0,3174
17,7,203,27,12,0,11,30,0,0,4,6,68,0,1495
8,10,59,81,22,0,29,68,2,0,17,12,104,2,13579
8,7,144,50,17,0,12,55,2,0,6,2,40,0,2079
12,7,287,47,16,0,21,52,1,0,3,9,60,0,2111
16,7,162,57,16,0,22,90,1,0,15,0,123,0,3447
18,7,145,24,12,0,12,30,1,0,7,0,54,0,1165
20,9,144,127,19,0,20,138,1,0,39,2,329,0,6934
18,7,293,84,18,0,28,89,1,0,20,8,239,0,8815
18,8,125,57,17,0,28,69,1,0,14,4,148,0,3866
27,7,570,34,13,0,11,31,1,0,13,1,131,0,2406
15,8,183,54,18,0,21,74,2,0,9,2,79,0,2222
37,10,667,82,19,0,9,61,1,0,27,8,455,6,6936
22,9,192,37,16,0,11,20,1,0,6,4,130,1,2203
11,8,144,57,15,0,14,50,1,0,13,6,83,0,3398
10,8,146,42,17,0,12,32,1,0,13,1,40,0,1852
8,10,80,141,21,0,45,102,1,0,22,20,175,1,21719
9,9,148,72,18,0,27,51,1,3,10,7,87,6,3366
23,7,181,27,16,0,11,37,0,0,6,2,99,0,1532
16,7,200,85,16,0,19,92,2,0,31,8,153,0,5119
7,8,141,81,18,0,20,92,3,0,12,14,106,0,5383
15,16,290,83,20,0,14,15,1,0,18,9,207,2,4679
11,8,146,92,20,0,34,121,2,0,20,0,135,0,3709
37,6,551,25,14,0,15,65,1,0,0,0,126,0,1282
12,15,143,169,28,0,18,130,3,2,15,35,319,1,22513
28,5,119,6,6,0,2,29,0,0,0,0,38,0,439
19,7,175,32,13,0,11,61,1,0,11,0,76,0,2642
13,7,146,88,15,0,41,84,0,1,33,20,158,0,5707
34,7,181,38,15,0,13,51,1,0,7,0,163,0,2614
16,6,392,51,11,0,21,31,1,0,12,11,109,0,3012
10,12,144,54,20,0,5,78,1,0,11,10,64,1,3019
59,6,247,15,9,0,8,38,1,0,3,0,122,0,1200
22,7,243,48,16,0,14,71,1,0,7,1,118,0,3243
8,9,40,32,18,0,9,48,1,1,7,3,39,0,2531
18,5,180,19,11,0,10,48,1,0,3,0,43,0,672
18,7,257,51,18,0,17,31,1,0,11,4,143,0,2647
13,8,142,71,17,0,14,121,1,1,17,1,113,0,8027
20,9,288,54,16,0,24,87,1,0,14,0,144,0,2546
26,9,572,56,18,0,20,64,1,0,12,1,203,0,2941
14,11,62,37,16,0,10,80,2,0,1,0,83,0,2645
19,8,316,31,10,0,12,49,1,0,0,0,59,0,1046
21,7,215,44,12,0,18,64,1,6,5,1,127,0,1652
61,7,686,41,15,0,20,49,1,0,13,0,434,0,11004
42,13,506,63,14,0,9,36,0,0,16,1,443,0,4872
31,8,852,75,23,0,18,101,1,0,9,6,298,0,4792
5,11,67,68,19,0,18,59,1,2,10,16,46,1,13053
24,9,477,321,28,0,75,438,3,0,105,7,903,2,22407
24,7,164,35,13,0,13,62,1,0,10,0,123,0,4406
17,7,237,42,14,0,10,70,1,0,11,8,124,0,2819
16,7,146,33,15,0,11,56,1,0,6,0,59,0,1347
8,15,45,105,20,0,27,62,0,0,41,11,126,3,8336
57,6,316,25,13,0,15,109,1,0,8,1,282,0,3445
11,8,157,47,14,0,22,26,1,0,14,1,50,0,1894
15,6,145,30,13,0,12,68,1,0,6,1,49,0,1244
15,12,165,127,25,0,28,98,1,0,68,1,212,2,8456
7,7,52,28,13,0,13,36,1,0,3,3,44,0,2153
16,9,288,84,16,0,19,115,1,10,12,14,144,0,5332
21,7,245,64,13,0,19,60,1,0,14,1,207,0,3234
14,10,259,322,24,0,34,156,3,3,118,25,501,3,18004
21,8,739,110,15,0,31,90,1,6,50,2,304,0,6847
21,9,362,83,23,0,21,64,2,0,17,1,266,5,5072
15,8,401,87,18,0,35,57,1,0,22,0,178,0,3953
5,11,144,79,16,0,21,34,0,0,9,1,42,0,2319
4,7,92,166,15,0,47,43,1,0,45,27,91,0,7125
12,6,80,19,14,0,8,37,1,0,3,3,47,0,1114
11,7,164,40,13,0,14,31,0,0,7,3,53,0,2018
28,6,275,20,9,0,9,33,0,0,4,4,89,0,1326
41,8,762,62,18,0,28,140,1,1,20,4,350,0,4824
14,14,144,103,26,0,20,86,2,3,28,3,208,2,6027
17,8,225,84,19,0,31,106,1,0,15,18,234,0,9605
22,8,234,48,19,0,23,63,1,1,6,1,132,0,2438
45,6,182,32,13,0,13,91,1,3,5,0,174,0,2428
105,7,1935,133,18,0,88,541,8,3,3,1,2283,0,16126
16,6,141,16,10,0,8,40,1,0,4,0,24,0,1195
41,9,992,123,19,0,32,56,1,0,37,2,832,0,9370
9,10,144,93,18,0,29,52,1,3,19,17,98,0,4679
19,5,141,9,8,0,5,29,0,0,0,1,23,0,393
15,9,319,38,15,0,9,46,3,0,10,1,67,0,2302
14,9,188,54,16,0,11,37,1,3,19,2,97,0,2816
21,7,458,66,17,0,27,64,1,0,14,2,214,0,3197
27,11,530,111,17,0,14,44,0,0,35,2,435,0,20458
37,6,711,53,14,0,24,55,1,1,28,1,311,0,5490
16,6,126,14,11,0,4,43,2,0,1,0,42,0,602
6,8,144,83,17,0,14,41,1,0,18,11,49,0,4109
9,11,166,46,17,0,14,31,2,0,7,7,47,0,2258
46,8,693,34,14,0,14,60,1,0,3,5,238,0,2537
9,16,154,90,19,0,14,62,0,0,30,5,114,0,4202
14,7,222,39,15,0,15,37,0,0,6,12,80,0,2726
8,8,167,63,22,0,32,34,1,1,13,11,70,0,5513
37,11,1121,96,23,0,26,135,1,0,21,18,542,1,12577
32,7,461,59,15,0,29,91,1,1,21,3,281,0,4009
13,8,146,79,14,0,18,35,1,0,27,1,127,0,9214
30,7,176,65,22,0,23,55,1,1,22,2,307,0,4800
13,8,144,134,17,0,42,121,2,0,22,8,211,0,5413
2,5,18,27,7,0,23,27,0,0,11,0,24,0,711
11,11,144,79,22,0,20,60,2,0,13,5,92,8,5206
11,15,151,109,20,0,17,47,2,2,25,7,158,7,5241
14,11,240,136,21,0,27,80,1,0,46,7,202,4,25282
12,7,144,22,11,0,7,34,0,0,12,1,38,0,1509
24,7,272,31,14,0,16,73,1,0,11,1,93,0,2116
29,8,146,88,19,0,18,149,1,0,15,1,292,0,4733
8,10,146,78,16,0,15,65,2,0,14,17,83,0,3586
26,8,478,49,14,0,24,109,1,0,10,0,176,0,2389
26,9,155,40,19,0,14,31,0,0,6,1,173,0,2447
27,7,262,39,16,0,17,55,1,0,10,0,187,0,2921
9,8,48,87,18,0,51,51,1,0,15,29,125,0,6335
20,8,195,64,13,0,23,75,1,0,15,2,178,0,3495
17,8,190,50,17,0,8,83,2,0,8,0,128,0,2511
26,7,176,34,13,0,10,51,1,1,14,0,128,0,3624
24,12,239,61,19,0,26,89,2,0,14,2,167,1,6743
20,9,235,52,16,0,10,39,0,0,18,3,161,0,3050
10,10,279,100,20,0,32,54,2,0,20,2,123,0,3984
15,8,165,53,15,0,14,63,1,0,8,4,92,0,2219
9,8,147,56,21,0,12,36,0,0,10,7,89,0,2956
6,10,172,41,17,0,8,30,1,0,6,2,33,5,1484
9,12,200,250,27,0,96,147,1,0,66,44,438,6,56440
9,7,144,50,13,0,11,46,1,0,9,15,59,0,2497
13,10,144,43,16,0,8,79,1,0,8,1,75,2,2297
7,10,142,51,18,3,16,50,1,0,14,4,42,1,9404
335,5,2523,8,7,0,4,125,2,0,0,0,209,0,3656
21,9,322,53,16,0,19,32,1,2,17,2,141,0,3008
15,7,145,25,13,0,9,41,1,0,9,0,46,0,1113
13,6,96,48,12,0,27,55,1,0,13,0,109,0,2127
36,6,459,59,15,0,22,119,2,2,15,1,290,0,3833
13,7,188,91,14,0,24,49,2,0,33,0,153,0,4279
6,11,65,218,20,0,21,66,0,3,58,11,164,0,21396
20,7,282,36,13,0,17,51,1,0,8,0,97,0,1726
3,14,144,70,18,0,8,37,0,0,6,1,26,4,3008
36,7,569,42,16,0,30,66,1,4,6,4,250,0,3057
18,6,228,77,13,0,21,68,1,0,28,10,208,0,14562
45,7,1068,66,11,0,40,87,4,0,35,0,397,0,6116
18,7,381,58,17,0,25,60,1,2,8,10,144,0,2970
14,7,141,23,12,0,7,43,1,0,4,1,35,0,1320
10,11,201,60,21,0,16,73,1,2,11,8,68,1,2698
21,10,145,15,12,0,4,33,0,0,1,1,48,0,742
26,5,165,11,9,0,7,27,0,0,2,0,36,0,542
4,5,16,5,5,0,2,27,0,0,0,0,18,0,262
16,10,976,105,19,0,38,69,0,0,20,20,234,5,6427
24,7,170,17,13,0,8,36,1,2,2,0,49,0,704
27,6,192,18,11,0,8,51,0,0,3,0,64,0,878
9,7,78,50,18,0,12,61,1,0,4,4,113,0,1893
30,8,834,71,18,0,30,138,1,0,20,1,300,0,8573
12,10,167,65,19,0,17,69,1,0,14,4,90,0,3055
15,8,179,52,20,0,17,60,2,1,8,10,91,0,2985
32,5,245,13,11,0,9,90,1,0,1,0,88,0,2408
15,11,142,77,17,0,15,84,1,4,17,0,136,0,4048
8,11,142,37,19,0,8,24,1,0,9,3,33,1,1845
10,9,225,48,20,0,10,60,0,0,3,2,103,0,2029
11,10,321,134,20,0,23,43,1,0,46,1,152,1,6185
17,8,225,61,15,0,11,96,1,0,13,0,175,0,2945
13,8,153,60,19,0,17,41,0,0,11,4,162,0,5015
9,6,111,42,17,0,12,38,1,1,8,9,41,0,2883
18,8,166,91,18,0,24,121,1,0,21,7,207,0,4933
47,8,421,32,12,0,7,62,1,0,9,1,203,0,2631
26,7,340,68,15,0,21,60,0,0,26,1,220,0,10396
4,11,144,148,20,0,20,55,1,0,22,27,73,2,5938
14,7,144,43,15,0,15,42,1,0,12,1,74,0,3618
27,6,154,23,12,0,6,30,1,1,7,2,94,0,2265
24,12,530,103,20,0,24,39,1,1,43,6,415,2,6996
33,7,494,29,17,0,13,49,1,0,7,1,138,0,1844
11,9,116,54,19,0,15,66,1,2,10,6,75,0,4204
7,13,104,77,23,0,16,33,1,0,15,5,91,2,3181
12,8,144,87,16,0,31,73,1,0,17,6,117,0,4001
5,11,177,149,28,0,32,91,1,0,28,35,121,6,9302
7,9,165,66,16,0,17,28,0,0,18,10,55,0,3409
9,15,284,160,18,0,8,35,0,0,22,17,240,17,7840
23,11,267,52,18,0,15,60,1,0,9,8,177,1,3472
155,5,761,6,6,0,2,61,0,0,0,0,128,0,1476
24,10,1005,110,20,0,39,96,2,0,34,1,407,1,19123
89,9,2095,90,21,0,58,130,1,0,17,5,1093,1,11169
9,7,111,55,20,0,19,72,1,0,10,5,80,0,2793
19,6,199,50,14,0,17,83,1,0,16,1,146,0,8846
10,8,163,63,19,0,19,78,1,0,9,3,77,0,2341
33,8,191,62,17,0,26,134,2,0,18,1,247,0,4102
13,14,385,141,17,0,11,65,1,0,51,1,246,2,14369
17,8,206,94,22,0,35,85,2,1,9,17,194,0,9411
35,8,623,84,13,0,36,36,1,0,23,0,489,0,5125
27,7,192,24,15,0,13,47,1,2,4,1,87,0,1258
10,11,250,64,22,0,20,32,1,0,11,6,115,1,2870
13,12,193,137,23,0,37,54,1,0,24,20,256,2,6605
20,8,300,72,15,0,20,114,3,0,16,6,177,0,3824
10,8,113,42,14,0,12,28,0,0,7,4,88,0,4537
14,10,248,59,19,0,9,52,1,0,10,1,106,0,2354
12,6,186,56,16,0,23,39,0,0,16,17,98,0,3846
9,13,117,70,18,0,10,25,1,0,12,11,90,3,3826
9,8,245,148,16,0,52,57,1,0,35,22,211,0,11325
11,9,210,97,18,0,37,58,3,1,16,11,138,0,4305
17,8,405,144,18,0,36,75,1,0,41,0,343,0,6971
37,5,444,19,11,0,15,45,1,0,4,0,85,0,1204
7,7,45,33,15,0,8,27,1,0,4,1,62,0,1394
12,7,242,220,22,0,40,78,2,0,64,55,369,0,14029
12,10,166,76,23,0,15,74,1,0,13,11,115,1,3932
12,10,146,63,18,0,9,106,1,6,5,3,84,0,2170
19,7,311,47,18,0,20,80,1,1,10,5,235,0,2634
19,8,319,137,17,0,41,98,4,0,34,3,361,0,11906
14,9,150,82,21,0,28,56,1,0,17,8,144,1,4061
20,11,197,85,23,0,23,70,1,0,19,1,189,1,4344
12,7,143,30,12,0,14,33,0,0,11,1,48,0,4134
15,8,208,39,16,0,13,32,1,1,12,2,83,0,2163
17,6,142,16,11,0,8,31,1,0,2,0,30,0,562
31,10,574,227,20,0,31,228,1,0,56,9,1001,0,14484
11,6,29,11,9,0,6,27,1,0,0,0,41,0,474
8,8,146,59,19,0,20,46,1,2,12,3,45,0,2286
14,7,166,44,16,0,14,66,1,0,6,4,71,0,1846
15,6,173,60,11,0,52,31,1,0,4,0,88,0,1866
23,9,363,87,21,0,27,97,1,0,23,7,301,5,6440
8,8,146,86,23,0,18,59,1,4,14,7,86,0,5328
8,9,38,46,13,0,14,31,1,0,10,0,82,0,1896
64,7,442,20,13,0,11,36,1,2,2,0,214,0,1613
23,10,609,42,17,0,10,46,1,0,8,7,122,1,4197
10,8,33,62,20,0,18,66,3,0,12,0,80,0,3585
5,7,80,60,14,0,25,15,1,0,8,11,36,0,2455
60,7,593,37,14,0,14,65,1,0,7,1,297,0,3291
53,9,1290,49,18,0,19,73,1,1,12,1,389,0,3941
9,8,146,78,15,0,19,64,3,0,7,5,69,0,4121
18,8,231,39,16,0,17,66,2,3,10,0,131,0,2397
24,11,607,56,19,0,12,50,1,0,15,4,205,1,3482
41,6,461,25,14,0,17,66,1,0,3,1,157,0,1621
15,7,170,34,15,0,16,39,2,0,10,1,60,0,2232
19,6,145,24,16,0,13,64,1,0,1,1,52,0,899
21,7,253,81,15,0,48,101,2,0,12,2,219,0,3607
9,9,199,109,19,0,19,41,1,1,28,9,150,0,15400
15,8,167,78,16,0,18,123,0,1,17,2,154,0,7173
25,9,453,76,14,0,15,50,1,0,28,0,252,0,5852
5,6,31,37,13,0,23,27,1,0,8,1,32,0,1546
29,9,898,107,24,0,23,76,2,1,16,2,432,1,7372
19,6,771,52,12,0,40,63,1,0,9,3,158,0,2466
3,13,144,201,20,0,14,36,1,0,27,45,65,29,10720
8,7,66,73,20,0,13,38,1,0,22,1,108,0,3285
12,9,165,76,14,0,24,87,2,0,26,1,100,0,3570
11,15,390,154,22,0,27,133,1,0,32,21,242,2,31021
20,6,145,26,13,0,14,62,1,0,3,2,67,0,1232
28,7,809,80,12,0,33,58,0,0,6,0,307,0,3715
28,9,621,60,13,0,10,26,1,4,16,13,245,0,4943
10,11,180,94,23,0,26,83,1,0,13,16,129,2,5016
10,12,96,50,21,0,10,30,0,0,2,2,58,2,1662
12,10,248,45,20,0,13,55,1,1,8,1,63,3,2345
9,9,146,86,17,0,46,89,1,1,15,5,85,0,3762
17,8,144,38,16,0,12,46,1,0,8,1,73,0,1632
11,7,96,29,11,0,11,14,0,0,9,0,42,0,1183
41,10,833,60,19,0,16,40,1,0,21,1,341,1,4756
29,9,212,84,17,0,14,148,1,0,16,4,322,0,5468
15,11,220,67,23,0,16,99,1,4,16,3,118,2,3834
32,9,564,112,16,0,48,122,3,4,41,0,492,0,25938
9,7,187,50,13,0,28,75,1,0,10,5,55,0,1535
30,7,896,40,14,0,19,76,2,0,10,2,159,0,2532
18,7,203,70,22,0,21,98,1,0,10,10,144,0,4203
44,9,797,60,15,0,21,54,1,1,11,1,609,0,6201
16,8,144,62,15,0,19,67,1,0,14,2,115,0,2690
25,8,950,101,15,0,37,42,0,0,27,26,393,0,7807
20,7,304,43,17,0,23,42,2,1,12,1,121,0,3361
16,7,145,34,13,0,12,71,1,0,1,0,62,0,1218
13,8,151,51,17,0,21,66,1,0,16,4,78,0,2641
11,7,36,47,16,0,14,84,2,0,6,6,70,0,2128
6,7,81,59,15,0,32,85,1,1,7,3,126,0,4111
15,7,206,37,13,0,19,31,0,0,10,0,79,0,1711
14,9,163,63,14,0,19,41,0,0,16,6,140,0,4100
7,7,64,80,16,0,56,100,1,0,20,19,172,0,6716
7,9,146,54,15,0,16,47,0,0,11,4,48,0,2341
47,7,611,32,15,0,14,34,1,2,9,0,236,0,2461
18,10,275,126,22,0,63,90,1,0,49,7,296,5,12639
9,9,43,165,15,0,43,28,0,0,8,17,233,0,9419
11,11,52,52,12,0,8,34,1,0,21,0,74,0,4736
51,8,1500,86,21,0,34,53,1,0,23,3,630,0,7687
22,7,225,30,15,0,10,66,1,0,9,1,136,0,1846
23,8,532,70,17,0,22,82,1,5,12,8,205,0,3735
7,7,144,47,13,0,14,43,0,0,7,7,45,0,1823
12,8,146,43,15,0,13,31,0,0,9,1,68,0,1804
19,8,265,71,14,0,22,45,1,0,20,1,216,0,7614
13,6,143,25,13,0,10,48,1,1,6,1,35,0,1111
11,7,332,60,16,6,16,38,1,0,9,3,127,0,2441
27,8,387,92,19,0,33,101,1,0,29,6,525,0,12413
19,7,144,34,16,0,16,72,2,0,9,1,96,0,1696
10,7,316,125,16,0,58,68,1,0,33,31,183,0,29120
12,7,144,50,12,0,26,73,1,1,5,8,68,0,2370
14,8,288,113,17,0,46,71,0,1,29,12,222,0,5680
21,7,145,18,12,0,9,44,0,0,3,1,44,0,904
9,9,208,94,15,0,19,41,1,0,13,21,152,0,4652
41,8,246,53,15,0,29,126,1,0,13,1,269,0,3789
11,10,228,64,16,0,9,65,0,0,10,6,119,3,2929
13,7,94,43,15,0,14,69,2,0,6,1,66,0,1674
8,6,203,61,22,0,22,116,1,0,9,9,80,0,3631
3,11,26,27,14,0,5,36,1,0,5,0,23,2,2115
31,9,886,216,20,0,46,91,2,0,61,7,993,0,13816
21,9,178,37,15,0,11,79,1,0,11,0,102,1,2805
29,6,348,49,12,0,25,62,1,0,14,8,194,0,8668
16,6,141,10,10,0,4,29,1,0,1,1,20,0,491
17,8,233,73,16,0,29,66,1,2,26,4,183,0,3874
39,8,382,52,18,0,21,95,1,0,8,3,285,0,3654
11,9,164,85,18,0,46,52,1,3,11,13,125,0,4074
11,12,272,103,21,0,17,84,2,3,18,1,140,9,14952
38,7,263,38,14,0,14,76,1,0,15,1,222,0,2950
16,7,158,58,17,0,21,36,1,0,15,9,169,0,5277
25,7,255,18,12,0,5,40,2,0,3,1,55,0,950
16,8,142,48,18,0,12,49,1,0,7,1,81,0,2967
45,5,696,20,13,0,15,28,1,1,4,1,120,0,1442
44,4,177,4,4,0,2,28,0,0,0,0,25,0,231
546,5,2714,6,6,0,2,290,0,0,0,0,96,0,4504
14,10,165,62,15,0,19,28,1,0,17,6,100,0,3376
8,7,150,29,15,0,10,41,0,0,2,1,54,0,1662
11,8,173,68,17,0,26,41,1,0,14,12,119,0,3335
27,7,429,29,11,0,13,33,0,0,9,0,124,0,1740
32,7,618,80,15,0,29,135,1,1,16,7,329,0,6874
34,6,170,19,12,0,14,80,1,0,1,0,120,0,2646
16,7,225,93,14,0,36,69,1,1,25,3,239,0,4023
15,7,104,36,14,0,14,48,1,0,6,0,75,0,1483
32,7,595,74,16,0,25,109,2,1,24,1,355,0,14624
10,8,146,49,15,0,11,48,1,0,4,9,59,0,2140
13,6,178,26,8,0,20,44,1,0,2,0,54,0,735
10,10,144,38,20,0,7,49,1,1,11,1,39,1,3522
9,10,98,87,29,0,25,69,1,0,14,9,115,4,6857
57,5,376,12,11,0,8,77,1,0,1,0,231,0,1081
14,7,144,60,20,0,14,55,1,1,17,3,114,0,2877
12,9,166,86,16,0,18,71,1,2,15,8,119,0,3609
25,6,168,16,11,0,8,45,1,0,4,1,49,0,876
26,8,144,108,21,0,15,170,1,0,15,3,341,0,5506
39,6,143,11,8,0,6,33,0,0,2,0,66,0,716
25,11,307,82,18,0,30,120,1,0,16,2,279,0,4124
31,7,183,31,14,0,11,47,1,0,4,0,148,0,1646
26,7,141,19,14,0,5,73,2,0,2,1,69,0,981
34,7,340,41,13,0,11,36,0,3,13,8,215,0,3729
27,9,261,75,15,0,20,102,1,2,34,1,286,0,15794
599,5,3423,6,6,0,2,98,2,0,0,0,288,0,4512
12,9,497,170,23,0,48,83,2,0,26,26,240,0,9115
6,17,144,104,22,0,9,31,1,1,30,2,55,4,11903
40,8,1515,82,18,0,28,126,2,1,11,6,405,0,5678
10,7,182,83,23,0,22,59,1,4,19,15,119,0,5979
17,7,241,73,15,0,19,66,3,0,18,10,196,0,4380
35,7,990,42,18,0,16,58,1,4,6,2,191,0,4238
40,10,610,107,18,0,57,129,2,1,9,6,651,0,6865
46,7,431,21,11,0,9,26,1,2,7,1,146,0,1769
11,8,143,16,13,0,6,30,0,0,1,1,25,0,651
10,6,113,33,13,0,19,15,1,0,7,6,44,0,1805
18,11,146,65,23,0,15,54,1,4,14,3,171,2,3893
18,8,363,87,14,0,22,84,1,10,9,3,204,0,3386
15,7,243,69,18,0,10,65,1,0,13,0,141,0,3734
10,7,143,33,13,0,15,50,1,0,5,6,41,0,1528
32,6,485,54,13,0,34,107,1,0,15,1,224,0,4049
30,7,334,21,15,0,9,64,1,0,2,0,80,0,1032
23,9,340,91,15,0,23,48,1,0,12,6,344,0,4678
17,7,146,39,17,0,18,56,1,0,10,2,74,0,2006
21,7,319,61,13,0,23,51,1,0,21,2,168,0,5687
76,5,373,6,6,0,2,29,0,0,0,0,62,0,748
41,7,323,53,11,0,14,28,1,0,20,0,380,0,5578
14,8,144,73,15,0,29,62,2,0,14,14,117,0,4147
18,8,146,52,21,0,10,69,1,0,7,4,108,0,2490
3,12,182,284,24,0,41,72,1,0,51,54,134,9,14718
21,8,213,47,18,0,18,54,2,0,10,1,167,0,3072
14,10,473,133,27,0,27,53,1,0,8,18,287,2,6870
12,12,206,79,28,0,10,37,0,0,13,3,179,2,9771
27,8,523,36,16,0,11,59,1,0,6,3,113,0,3679
46,7,674,116,23,0,47,95,2,0,21,3,887,0,8142
22,9,378,144,22,6,26,59,1,0,40,1,455,0,8392
26,7,654,53,15,0,34,108,1,1,5,0,178,0,2362
23,7,178,33,12,0,16,58,1,0,9,1,92,0,2114
26,6,145,19,13,0,8,54,2,2,1,2,69,0,800
61,7,771,97,15,0,56,37,1,0,25,2,1008,0,10040
8,9,137,131,18,0,29,76,2,0,36,22,194,0,14164
9,7,146,53,19,0,14,77,1,0,10,4,51,0,2318
38,6,473,31,14,0,16,68,1,0,5,0,170,0,1825
19,8,143,18,13,0,5,55,1,0,4,2,39,0,970
22,7,260,29,13,0,17,69,1,0,6,1,81,0,1474
17,11,967,107,25,0,9,58,2,1,22,7,814,0,7360
25,8,426,66,19,0,14,33,1,0,10,1,282,0,4216
15,11,380,74,21,0,28,63,0,0,11,6,173,3,5368
14,7,222,40,14,0,14,28,1,0,12,1,95,0,2253
25,7,171,35,15,0,19,57,1,0,9,3,108,0,2048
16,8,303,138,17,0,46,117,1,1,29,11,322,0,32057
64,6,1412,25,14,0,15,41,3,0,4,1,256,0,2239
15,9,349,92,18,0,25,54,1,0,4,1,168,0,3543
13,16,180,137,21,0,16,61,3,0,39,5,222,4,7542
10,9,126,238,18,0,69,81,2,0,51,43,339,0,31783
12,7,143,27,15,0,9,47,2,1,6,1,35,0,1336
12,6,46,11,9,0,6,27,0,0,1,0,31,0,666
27,7,279,51,12,0,23,28,0,0,19,2,262,0,13479
13,7,98,35,17,0,12,66,1,0,1,0,92,0,1315
13,8,146,85,18,0,15,89,1,5,22,3,119,0,3985
9,7,104,42,19,0,17,53,2,0,4,1,62,0,1557
18,7,245,89,12,0,20,32,0,0,18,34,250,0,9448
10,9,233,146,18,0,35,39,1,0,37,28,198,0,7986
4,11,144,157,22,0,22,54,1,0,22,29,78,2,6597
21,7,385,68,16,0,15,81,1,0,23,10,231,0,4771
18,8,485,127,19,0,26,131,2,2,35,7,300,0,18734
29,8,889,88,17,0,20,40,1,1,27,0,370,0,8239
41,8,686,46,15,0,9,76,1,0,8,1,277,0,3029
29,9,373,40,14,0,9,69,1,0,15,0,180,0,7543
20,7,144,70,17,0,26,100,2,1,19,2,174,0,5188
29,6,261,20,10,0,9,43,0,0,6,1,86,0,1214
15,8,80,23,15,0,6,15,0,0,3,1,48,0,1000
23,6,133,29,13,0,17,33,2,0,9,2,147,0,4423
14,9,150,23,12,0,7,30,0,0,1,2,50,3,1034
11,20,488,132,28,0,24,54,1,0,17,14,214,5,6582
13,7,145,33,11,0,22,49,1,0,10,0,53,0,1427
9,10,329,101,20,0,20,52,2,0,17,26,116,0,12403
16,9,162,68,23,0,25,54,3,2,20,1,149,1,3276
12,7,215,37,15,0,21,41,0,0,9,1,46,0,3710
26,14,407,115,25,0,25,68,3,0,31,7,441,6,8351
8,7,121,89,16,0,44,47,1,0,21,14,103,0,13907
17,10,238,97,21,0,24,58,2,2,28,15,251,3,6231
8,14,146,121,21,0,26,81,1,0,23,15,102,0,5577
14,6,143,21,11,0,10,30,0,0,6,1,43,0,1227
15,8,117,38,14,0,12,60,1,0,7,0,71,0,1439
22,7,676,68,14,0,25,70,1,0,15,8,208,0,3812
15,7,142,53,16,0,13,53,1,0,12,0,98,0,2391
19,8,169,38,18,0,13,53,1,1,8,1,95,0,1901
12,7,65,32,14,0,14,48,2,2,2,3,60,0,1139
22,6,141,15,10,0,10,58,1,0,1,1,35,0,716
15,6,303,40,14,0,33,33,0,0,9,7,71,0,2462
12,11,165,120,24,0,10,38,0,1,26,10,259,7,14830
14,7,431,129,17,0,59,93,1,1,29,12,278,0,13140
65,8,1291,24,15,0,8,43,27,1,2,5,422,0,2313
32,8,304,43,13,0,11,33,3,0,13,1,189,0,2940
11,30,325,348,19,0,15,53,0,0,36,22,663,1,109686
11,7,166,52,13,0,12,28,1,0,8,3,65,0,2120
10,6,334,55,12,0,46,52,3,0,12,2,74,0,2024
19,7,249,43,15,0,14,63,1,0,14,1,106,0,2323
14,7,141,19,12,0,8,73,1,0,0,0,56,0,757
35,7,251,95,19,0,31,127,2,3,23,3,421,0,6338
24,6,254,21,13,0,15,42,1,0,1,2,57,0,1023
32,9,746,111,18,0,27,90,0,0,32,8,517,0,7459
39,9,1512,46,20,0,26,35,1,0,13,1,314,1,3311
166,5,818,6,6,0,2,68,1,0,0,0,77,0,1306
42,9,604,79,19,0,23,141,2,0,19,2,446,0,5971
34,6,156,19,10,0,9,33,1,0,8,1,90,0,1506
31,8,561,130,19,0,49,163,2,0,18,16,503,0,8362
14,10,361,180,18,0,26,73,0,0,50,13,381,0,9683
14,9,455,222,18,0,68,83,2,0,60,44,403,0,22993
15,6,248,26,13,0,21,47,1,1,4,0,44,0,968
36,7,635,39,17,0,17,31,1,1,10,1,233,0,2630
20,6,162,22,15,0,12,71,1,0,1,2,87,0,2186
12,6,158,25,12,0,12,34,1,0,6,1,40,0,1012
22,7,89,22,11,0,11,27,1,0,3,0,86,0,1145
26,9,266,92,17,0,16,51,1,0,24,5,352,0,5705
11,11,167,65,24,0,10,70,1,0,12,4,85,1,2850
19,8,436,124,16,0,28,44,0,0,55,3,375,0,7802
14,11,153,156,27,0,33,88,1,0,40,2,247,1,7530
22,7,265,79,18,0,30,71,1,0,26,1,265,0,4595
9,6,52,27,12,0,13,41,1,2,7,1,47,0,2955
17,11,331,107,15,0,13,43,1,0,44,1,235,0,7058
15,7,193,54,16,0,19,65,2,0,16,3,93,0,2698
18,10,275,52,19,0,17,35,0,0,9,3,125,1,2417
20,6,406,29,12,0,19,55,1,0,3,1,77,0,1101
13,7,142,39,18,0,12,49,2,0,8,3,53,0,4112
7,11,147,421,22,0,20,54,3,1,215,9,270,0,21193
52,7,783,154,15,0,61,96,1,0,49,4,1236,0,12914
52,5,548,14,8,0,10,70,0,0,0,0,78,0,2125
23,7,140,39,13,0,16,31,1,0,23,1,156,0,3323
31,7,329,37,13,0,20,35,1,0,19,1,152,0,2971
27,7,407,35,16,0,19,52,1,0,6,1,131,0,1823
21,17,359,162,23,0,24,192,4,5,5,0,420,4,6608
35,6,531,27,16,0,16,64,1,0,1,1,126,0,1430
29,9,586,82,23,0,26,123,2,0,17,2,324,0,7816
17,7,194,41,13,0,19,53,1,0,9,3,111,0,4168
8,30,97,113,18,0,20,80,1,0,29,5,65,0,5538
20,6,116,7,7,0,2,29,0,0,0,0,38,0,439
11,9,145,24,13,0,4,35,0,6,4,0,37,0,796
16,9,84,69,19,0,9,114,1,0,20,1,138,0,6257
22,8,170,33,15,0,6,41,0,0,12,3,104,0,2273
49,8,226,80,17,0,18,207,1,3,12,1,524,0,6398
4,11,146,153,24,0,21,55,1,0,24,18,78,18,7069
12,10,168,52,17,0,10,53,1,3,9,0,85,0,1950
22,9,434,66,20,0,27,97,0,0,7,2,210,4,3352
8,9,78,243,19,0,20,243,1,6,35,4,243,20,13401
13,7,67,38,15,0,11,49,1,0,8,0,71,0,2438
37,7,329,38,14,0,17,80,1,0,8,2,174,0,2582
12,8,166,32,14,0,10,45,2,0,11,4,50,0,2225
7,8,145,54,18,0,15,47,1,0,11,2,40,0,1830
26,7,372,37,17,0,19,58,4,0,9,2,118,0,2237
12,8,146,35,15,0,12,37,1,1,9,2,51,0,1913
8,9,96,45,17,0,8,20,1,1,6,8,47,0,1856
18,7,346,63,17,0,38,63,5,0,18,2,169,0,3630
77,5,378,6,6,0,2,29,0,0,0,0,62,0,769
77,5,378,6,6,0,2,29,0,0,0,0,62,0,768
28,7,300,43,14,0,9,55,2,0,15,2,177,0,3984
12,7,304,103,16,0,35,36,1,0,29,11,145,0,6244
13,8,148,65,20,0,17,81,1,5,9,4,91,0,2972
17,8,165,24,13,0,9,42,1,0,2,0,37,0,852
6,10,96,36,16,0,19,18,1,2,8,4,22,0,1672
9,7,43,35,14,0,8,39,1,0,7,7,59,0,2072
16,11,146,45,14,0,9,43,1,0,13,0,69,0,2158
8,9,210,92,13,0,20,44,1,0,24,5,82,0,3723
13,8,142,136,20,0,13,74,1,0,49,3,215,0,14862
13,9,163,65,18,0,18,35,1,0,11,0,99,0,2488
7,9,144,87,19,0,24,63,1,0,12,2,78,0,2834
47,7,293,23,14,0,11,31,1,0,5,1,172,0,1912
8,7,146,67,15,0,15,64,1,0,13,4,58,0,2737
15,11,217,61,16,0,9,33,2,0,16,2,122,0,2987
42,7,205,29,13,0,9,42,1,0,7,1,184,0,2852
29,7,191,46,13,0,18,85,1,0,8,0,168,0,2405
34,5,144,5,5,0,2,31,0,0,0,0,23,0,1737
12,8,424,104,18,0,18,75,1,0,29,17,172,0,7378
8,7,106,61,13,0,47,95,1,6,6,1,250,0,4332
28,7,497,78,12,0,32,92,1,0,21,0,260,0,4582
8,11,96,55,23,0,19,34,1,0,7,2,47,1,3601
20,6,143,14,12,0,5,36,0,0,1,0,36,0,575
9,10,350,108,18,0,23,58,1,0,10,27,140,2,3926
19,9,476,71,15,0,42,65,0,4,12,8,215,0,3656
16,6,558,61,14,0,21,42,1,0,22,5,155,0,3946
39,9,406,51,16,0,20,93,1,0,13,2,251,0,4076
15,8,503,175,16,0,37,134,1,0,33,11,402,0,41907
10,8,92,25,14,0,7,47,1,0,2,1,51,0,1512
8,12,257,65,17,0,21,31,0,0,7,9,93,0,3439
17,7,306,69,17,0,30,90,1,0,17,5,181,0,3425
20,5,102,7,7,0,3,43,0,0,0,0,26,0,463
15,7,162,48,16,0,21,86,1,0,10,0,100,0,3392
32,6,415,55,15,0,32,74,0,7,15,0,235,0,3603
34,8,208,86,20,0,22,161,1,0,22,5,391,0,5897
10,9,243,43,20,0,18,36,1,0,9,6,54,1,2113
38,9,414,67,19,0,23,64,2,0,13,1,457,0,4328
24,7,313,55,18,0,24,52,1,0,15,1,198,0,4996
7,9,144,69,15,0,13,73,0,0,15,5,55,0,2548
10,10,141,21,15,0,5,29,1,0,3,1,23,1,892
14,6,286,46,13,0,24,103,1,0,1,13,98,0,2024
9,7,90,38,19,0,20,46,2,0,6,2,73,0,1523
31,9,416,91,19,0,9,109,1,0,25,10,419,0,14356
11,10,146,85,25,0,23,74,1,0,16,6,108,1,3904
29,7,185,23,11,0,6,56,1,0,0,0,101,0,987
5,11,142,149,21,0,15,131,1,5,18,19,83,15,32565
32,8,1832,71,16,0,19,69,0,0,12,8,418,0,4532
9,8,80,68,16,0,9,29,1,0,14,16,75,0,3708
29,8,619,190,22,0,86,154,2,0,27,3,746,0,9996
11,9,69,81,17,0,15,106,1,0,23,1,116,0,15362
10,6,40,15,10,0,6,51,1,0,0,0,46,0,714
12,9,144,74,21,0,17,42,1,2,28,2,108,2,7366
7,7,142,115,15,0,24,80,0,9,24,15,87,0,30714
34,7,615,27,17,0,11,17,1,3,3,0,143,0,1479
33,7,1233,56,15,0,20,37,1,0,16,11,291,0,6063
25,10,368,58,17,0,16,47,1,0,10,2,224,3,3141
10,10,172,63,22,0,11,73,2,0,7,5,69,3,3482
15,9,168,45,16,0,13,17,1,0,7,1,90,0,1963
8,8,30,42,16,0,19,68,2,0,14,1,59,0,5498
13,7,376,60,17,0,40,31,2,0,12,4,105,0,2493
20,9,330,121,19,0,36,34,1,0,32,5,355,0,6684
33,7,624,52,12,0,23,31,0,0,15,11,277,0,3854
35,8,449,87,19,0,26,123,2,0,23,9,415,0,6753
21,9,524,56,16,0,11,51,1,0,9,3,167,0,2711
19,8,198,52,15,0,14,70,1,0,8,5,181,0,2681
20,9,560,86,15,0,36,84,2,0,17,1,222,0,4102
21,7,612,38,16,0,26,40,1,0,5,1,109,0,1867
15,8,230,42,16,0,17,54,1,1,12,6,77,0,2596
16,7,188,23,12,0,7,27,0,0,6,0,75,0,1163
7,9,146,95,25,0,16,43,1,0,26,11,71,1,5172
9,9,169,67,18,0,20,66,1,0,13,6,51,0,3061
93,7,739,42,16,0,22,73,1,0,11,1,525,0,5978
15,8,392,67,15,0,27,44,2,0,21,10,153,0,13507
1238,5,9893,9,8,0,5,619,6,0,0,0,765,0,13353
11,9,97,47,21,0,12,43,1,0,11,2,86,0,2197
15,9,146,41,15,0,11,52,1,0,7,0,69,0,1478
7,11,146,227,23,0,22,81,1,0,59,29,172,1,13282
11,8,142,69,14,0,16,80,1,0,11,2,98,0,7719
8,9,146,65,19,0,15,40,1,0,13,10,63,0,3050
8,15,59,143,22,0,23,71,1,0,35,9,164,4,13972
8,8,48,30,9,0,9,37,1,0,6,3,44,0,1437
39,7,405,49,15,0,33,70,1,0,7,1,293,0,3080
29,7,992,83,17,0,53,47,1,0,15,2,360,0,4266
8,7,136,64,16,0,18,84,3,0,10,8,91,0,3110
18,7,255,41,17,0,24,78,1,1,8,7,103,0,2132
30,7,419,30,15,0,11,46,0,0,11,1,141,0,2262
30,7,450,27,14,0,11,68,1,0,8,4,121,0,2092
20,7,399,35,15,0,20,75,1,0,5,1,87,0,1472
18,8,215,87,18,0,21,37,4,0,39,2,220,0,6081
16,7,177,47,16,0,13,76,1,1,14,3,98,0,3328
12,7,98,42,19,0,17,63,2,0,7,0,145,0,2319
26,7,206,51,15,0,25,69,1,0,13,2,250,0,4998
25,10,842,84,17,0,32,94,2,2,10,3,272,4,5536
12,11,146,105,18,0,14,139,1,0,29,1,145,0,4283
4,14,146,97,21,0,7,56,1,0,10,15,41,2,6813
11,6,160,55,14,0,15,112,1,0,7,0,82,0,2112
5,11,146,67,19,0,10,53,1,0,5,8,38,7,3003
19,8,257,63,17,0,14,43,1,5,13,9,138,0,4853
31,7,328,55,13,0,19,60,1,0,16,4,276,0,5020
14,10,180,60,17,0,16,55,1,0,27,5,108,0,3653
30,7,679,63,15,0,27,102,1,0,19,5,362,0,4062
21,7,364,31,14,0,22,47,1,0,7,1,89,0,1569
9,11,144,64,19,0,11,38,0,1,8,3,85,3,2661
35,6,141,16,9,0,5,29,1,1,6,0,85,0,1344
4,10,144,79,19,0,16,37,0,0,20,23,34,4,5041
3,8,69,183,24,0,117,62,2,6,30,29,135,1,12449
26,5,188,12,9,0,7,30,0,0,3,1,45,0,656
45,6,749,32,11,0,22,39,0,0,16,1,224,0,3059
19,12,864,192,25,0,56,42,1,0,46,6,563,1,10663
9,12,144,64,19,0,8,31,1,0,9,0,94,3,2674
23,8,325,44,18,0,12,68,1,0,10,1,131,0,2694
30,7,449,99,13,0,31,39,0,0,21,14,465,0,6249
19,9,200,147,26,0,52,166,2,0,32,6,329,2,7636
8,7,120,111,15,0,72,61,2,2,19,27,193,0,18762
17,9,265,42,14,0,12,53,1,0,7,0,90,0,1745
10,12,491,78,16,0,22,70,1,0,15,11,124,5,4068
14,8,146,54,18,0,19,59,1,0,11,2,82,0,2466
23,6,271,28,11,0,15,31,1,0,8,5,98,0,1919
16,9,265,71,21,0,32,45,1,0,16,7,146,1,3909
14,7,141,38,15,0,12,76,2,0,4,0,62,0,1540
26,7,256,47,16,0,12,30,1,5,17,2,176,0,3284
22,9,343,64,17,0,14,52,1,2,17,13,230,0,4152
14,10,381,150,25,0,31,106,1,0,49,18,305,1,77918
53,7,1751,60,15,0,39,76,1,0,21,3,544,0,5589
20,7,423,33,16,0,14,32,1,0,10,1,77,0,1769
17,10,393,107,22,0,24,75,3,11,21,1,245,0,5634
23,8,319,62,18,0,17,66,2,0,22,3,259,0,8223
23,6,149,19,12,0,12,57,1,0,6,1,55,0,1077
38,6,631,22,13,0,16,44,1,0,1,2,116,0,1338
20,8,872,106,16,0,36,78,2,2,45,5,309,0,18704
17,7,141,21,11,0,6,56,2,0,3,0,44,0,913
14,7,211,48,12,0,19,55,2,0,10,4,144,0,2902
8,9,221,154,19,0,22,70,2,0,35,40,154,0,11085
45,8,599,32,9,0,6,60,1,0,7,0,216,0,2183
47,8,582,31,17,0,15,95,1,0,7,1,208,0,2400
13,9,274,90,17,0,10,62,1,0,21,15,149,0,10137
3,14,23,111,18,0,5,28,0,0,30,2,52,15,4872
4,13,46,68,19,0,24,40,1,0,10,12,44,1,9495
10,6,74,29,13,0,13,27,1,0,6,2,49,0,1823
11,7,80,27,15,0,9,15,1,0,8,3,33,0,1744
16,7,141,16,10,0,4,52,1,0,1,0,30,0,516
51,6,620,33,14,0,14,46,1,0,12,2,230,0,4055
16,9,175,41,13,0,7,35,1,0,14,2,87,0,2297
36,10,464,105,15,0,27,76,2,0,33,1,527,0,7403
30,8,146,35,12,0,15,65,1,0,6,0,122,0,1980
23,7,208,58,14,0,25,45,1,0,19,9,200,0,3827
49,7,441,32,16,0,14,64,1,1,11,1,250,0,2822
18,7,143,29,11,0,10,40,1,0,8,0,63,0,1284
14,8,269,66,15,0,34,46,1,0,19,0,127,0,2958
22,8,439,82,20,0,37,84,2,2,28,1,248,0,4864
42,8,1798,95,18,0,38,81,2,0,42,6,643,0,10483
6,9,35,134,22,0,22,64,3,0,26,27,94,2,11987
9,9,142,78,21,0,17,28,1,0,5,1,89,0,2615
28,10,607,58,16,0,28,56,2,0,25,1,234,4,7552
13,7,155,20,11,0,7,30,0,0,4,2,32,0,1247
14,11,244,111,19,0,11,46,1,0,32,14,237,9,18903
12,7,339,43,15,0,29,30,2,0,4,2,55,0,1387
13,7,146,55,16,0,18,37,1,1,13,14,108,0,3541
22,14,312,147,18,0,16,94,1,0,19,2,408,0,6339
17,7,349,109,20,0,24,159,1,0,29,14,305,0,21632
26,7,1124,154,17,0,53,223,1,0,15,8,524,0,7932
17,6,46,20,11,0,10,27,1,0,5,1,69,0,1165
13,10,195,86,28,0,24,38,0,0,21,5,158,0,5721
18,9,144,38,16,0,13,62,2,0,8,0,85,0,1745
10,11,163,212,21,0,41,34,1,0,64,6,284,3,9864
23,8,404,84,19,0,44,72,1,0,16,0,299,0,4263
38,7,317,51,15,0,22,54,1,0,9,0,257,0,3250
13,6,171,56,15,0,25,70,1,0,3,2,88,0,1819
56,6,911,23,10,0,12,51,0,0,6,1,177,0,3281
19,9,277,53,17,0,18,71,2,0,18,4,134,0,3031
11,7,142,37,12,0,15,56,1,0,12,0,52,0,4350
36,7,161,67,16,0,17,154,1,0,17,1,292,0,4316
22,8,167,33,15,0,16,29,1,0,6,0,103,0,1562
19,5,337,20,10,0,16,52,1,0,1,1,48,0,733
23,8,389,93,17,0,24,47,0,3,26,17,360,0,17483
13,9,142,69,21,0,27,91,1,0,9,5,130,1,3341
7,20,143,38,16,0,9,30,1,0,5,2,31,0,1395
16,10,245,38,18,0,11,74,1,0,7,1,85,0,1636
100,6,449,18,12,0,10,36,1,3,0,0,446,0,2727
40,8,902,38,17,0,23,27,2,2,6,3,244,0,4365
10,5,21,8,8,0,4,27,1,0,1,0,23,0,384
19,11,189,36,16,0,7,14,1,0,7,1,82,0,1779
27,8,276,52,15,0,21,85,0,0,9,1,193,0,3053
18,10,264,128,22,0,27,60,3,9,20,21,312,0,7245
17,7,208,40,17,0,18,64,2,0,9,1,141,0,1798
33,8,379,68,15,0,31,98,1,0,25,1,364,0,5087
16,9,166,102,14,0,18,59,0,0,39,13,212,0,6720
8,13,139,190,27,0,24,86,1,10,49,9,211,2,19826
12,8,146,60,16,0,17,36,2,0,18,5,98,0,2647
10,8,143,37,15,0,12,30,0,0,10,2,40,0,1594
6,11,472,130,19,0,14,48,2,0,20,18,125,8,18015
4,12,146,51,18,0,5,31,0,0,9,10,27,3,2722
13,11,169,78,16,0,18,36,1,0,16,1,122,0,3226
81,6,888,18,12,0,6,39,1,1,3,1,220,0,1836
12,7,181,52,18,0,14,71,1,0,17,2,79,0,3864
20,6,424,38,12,0,29,46,2,0,12,1,102,0,2187
13,7,76,52,17,0,24,28,1,0,13,1,152,0,3314
10,8,143,49,19,0,12,59,1,10,6,1,51,0,1645
25,7,284,37,18,0,18,31,1,0,4,4,129,0,1950
6,7,26,46,13,0,16,35,1,0,22,0,186,0,8003
8,8,144,106,15,0,32,40,1,0,25,24,115,0,5964
8,9,297,117,26,0,29,81,1,0,26,21,132,3,6397
8,7,185,61,12,0,22,35,2,0,13,14,64,0,2679
8,11,158,71,18,0,19,35,0,0,14,19,79,2,4981
18,6,405,35,11,0,14,31,0,0,6,6,99,0,2724
14,8,182,57,17,0,15,38,1,0,13,9,121,0,3052
9,7,127,88,16,0,35,85,1,0,25,9,99,0,10652
11,7,144,43,16,0,9,36,1,1,11,4,56,0,3251
10,6,110,35,12,0,18,46,1,0,7,3,66,0,1230
19,9,246,38,19,0,14,70,2,0,10,2,76,0,2641
8,12,223,80,22,0,12,32,2,0,26,6,74,2,5355
480,5,3666,8,7,0,4,147,9,0,0,0,325,0,5403
10,8,146,50,13,0,16,43,0,0,11,9,75,0,2970
40,7,243,31,13,0,11,44,0,1,1,1,204,0,1783
11,6,54,42,14,0,33,41,0,0,9,2,89,0,1487
7,7,49,69,17,0,19,40,1,4,19,16,90,0,6822
12,7,242,52,16,0,21,31,1,0,18,1,77,0,2441
47,11,354,89,22,0,23,90,1,6,23,13,576,1,8192
4,10,146,78,17,0,15,36,1,0,14,13,47,0,5324
9,7,146,33,13,0,11,35,1,1,8,9,33,0,2179
15,8,306,63,17,0,27,54,1,0,12,1,123,0,2435
4,12,146,94,19,0,12,44,1,0,16,17,50,13,4565
37,8,570,112,16,0,27,82,1,0,42,3,590,0,8648
18,7,175,40,16,0,19,59,1,1,6,0,118,0,2426
13,7,182,45,14,0,20,64,2,0,11,0,65,0,2353
17,10,555,113,23,0,26,82,1,0,27,0,249,8,5637
12,8,142,104,18,0,22,66,1,0,23,6,167,0,6081
34,5,144,5,5,0,2,31,0,0,0,0,22,0,1504
48,8,1840,66,15,0,19,84,1,4,6,0,434,0,4455
22,7,271,40,13,0,13,65,1,2,9,1,86,0,1881
28,8,446,36,18,0,17,59,1,1,6,2,182,0,1924
49,10,874,100,23,0,37,98,2,4,17,5,669,1,7857
11,6,259,65,11,0,25,34,1,0,14,14,98,0,3382
10,6,144,41,12,0,18,37,1,0,4,9,44,0,1737
18,8,52,11,8,0,3,36,1,0,0,0,35,0,534
11,7,141,23,12,0,5,29,1,0,7,1,29,0,1406
20,7,170,21,15,0,12,43,1,2,3,1,50,0,905
88,8,1150,40,14,0,19,38,2,0,14,1,544,0,4928
13,11,169,53,21,0,12,80,1,1,16,4,82,1,2664
8,8,164,71,14,0,19,44,0,0,17,17,83,0,4192
14,9,141,56,15,0,16,24,1,0,21,1,100,0,2953
16,7,144,45,15,0,20,58,1,0,7,2,86,0,2136
19,6,198,30,13,0,16,30,0,0,5,4,81,0,1502
23,10,705,80,20,0,25,67,3,0,12,0,215,2,3873
36,10,309,46,21,0,18,57,1,0,11,3,386,1,4181
10,11,195,95,23,0,25,71,1,1,22,5,125,3,4077
46,8,524,82,19,0,24,129,1,0,14,8,539,0,6575
10,6,95,89,13,0,61,71,1,0,17,24,121,0,16534
13,8,144,53,16,0,23,31,0,0,10,2,86,0,2520
28,9,352,81,19,0,20,54,2,0,21,8,332,3,6377
25,7,515,51,17,0,32,79,2,0,12,1,163,0,9100
17,8,272,57,19,0,21,67,2,0,7,1,151,0,3036
22,11,432,43,15,0,7,55,0,0,8,3,152,4,2636
12,10,282,142,24,0,17,84,1,7,20,13,228,0,6361
52,7,377,18,11,0,6,29,0,0,3,0,174,0,1450
15,11,98,82,19,0,23,71,1,0,23,1,278,0,5793
48,7,625,90,18,0,28,125,1,0,26,2,623,0,7205
16,6,198,41,14,0,23,58,1,0,11,5,82,0,2410
14,8,244,61,17,0,19,44,1,4,9,1,105,0,2601
18,8,302,121,17,0,36,104,1,0,27,3,285,0,9486
20,8,168,52,15,0,21,64,1,0,14,4,128,0,3121
157,6,1525,11,9,0,4,57,1,0,3,0,257,0,2059
21,7,738,66,17,0,33,46,1,0,17,4,200,0,7599
20,8,164,93,19,0,24,111,2,2,24,1,215,0,6375
30,9,419,40,19,0,12,47,1,3,8,2,185,1,3005
8,11,197,89,18,0,17,30,1,3,13,15,127,8,14539
20,10,413,33,17,0,7,23,0,0,6,2,107,1,1954
31,6,322,19,12,0,11,37,0,0,7,1,91,0,1394
9,13,397,198,22,0,18,57,1,1,48,10,199,6,9295
46,7,367,44,15,0,25,86,1,0,10,2,257,0,3585
7,9,90,197,22,0,36,101,1,0,68,6,239,17,68776
70,6,1479,26,13,0,15,59,2,0,8,2,260,0,2702
4,11,62,47,19,0,6,55,1,0,3,1,37,2,1308
35,6,444,14,8,0,8,30,0,0,2,0,79,0,835
8,10,49,43,19,0,15,41,1,1,9,3,55,1,5351
24,10,943,64,19,0,14,35,0,1,17,11,233,2,4323
12,7,300,75,14,0,44,73,1,0,19,5,103,0,3338
10,10,203,65,18,0,22,53,3,0,13,11,76,1,3113
14,10,168,73,15,0,16,48,1,0,16,9,132,0,13518
11,7,236,53,14,0,28,44,2,0,9,6,119,0,2599
22,9,142,94,11,0,12,96,0,5,33,0,257,0,5618
7,11,159,92,19,0,15,49,1,0,12,8,105,1,4996
16,10,172,48,17,0,15,59,2,0,12,2,81,0,2946
19,8,287,34,15,0,12,41,1,1,3,6,97,0,1747
4,5,16,5,5,0,2,27,0,0,0,0,19,0,262
18,10,316,60,15,0,23,64,1,0,20,2,126,0,3192
17,8,167,65,17,0,22,35,1,0,15,4,136,0,5476
18,7,143,14,13,0,6,30,1,1,2,0,30,0,510
23,7,172,46,16,0,20,56,2,0,12,9,142,0,3394
16,7,144,35,16,0,11,31,1,0,10,3,81,0,1955
37,7,582,79,16,0,29,105,1,0,18,5,390,0,5646
3,7,24,14,12,0,4,27,0,0,2,1,23,0,524
26,6,257,26,11,0,16,42,1,0,8,0,94,0,1498
16,8,186,25,16,0,7,38,1,0,4,3,43,0,1090
30,7,492,72,19,0,24,97,2,7,8,0,324,0,4563
25,10,924,62,18,0,35,102,1,4,13,1,217,1,4707
33,7,350,17,13,0,9,38,0,0,1,1,79,0,1170
11,11,249,127,18,0,19,34,1,0,27,10,200,8,6218
10,8,141,42,18,0,14,49,1,3,1,1,52,0,1160
14,11,144,107,19,0,18,89,1,0,21,2,176,0,8360
12,10,146,72,15,0,8,31,1,0,27,9,123,0,4458
8,9,127,40,19,0,17,32,0,0,8,4,64,1,33009
20,7,451,114,17,0,33,42,1,0,18,24,393,0,19714
5,15,148,158,18,0,21,51,1,8,28,4,104,0,10918
15,9,149,105,19,0,14,85,1,0,24,8,189,0,4830
26,8,142,59,17,0,17,120,1,6,10,1,196,0,3240
7,11,55,101,13,0,18,30,1,0,36,0,92,0,4889
9,7,178,85,16,0,15,69,2,0,24,19,88,0,4378
11,6,142,33,12,0,13,30,1,0,8,8,45,0,2455
8,7,140,86,19,0,22,63,1,0,11,17,108,0,5544
3,10,56,98,23,0,34,70,1,1,12,19,68,1,5421
76,7,946,45,9,0,12,169,1,0,2,0,423,0,4201
10,5,153,27,11,0,17,27,0,0,4,6,31,0,1368
8,13,142,60,17,0,34,30,0,0,18,3,51,1,11627
18,7,146,95,16,0,22,40,1,0,29,8,245,0,6681
5,12,146,143,22,0,24,45,1,2,30,8,90,28,7566
6,7,45,39,18,0,15,46,1,1,6,9,50,0,2125
24,7,170,17,13,0,8,35,1,2,2,0,47,0,707
18,6,162,14,12,0,9,74,1,0,1,0,53,0,1798
11,7,142,42,12,0,17,47,1,0,5,8,52,0,1773
18,6,237,77,16,0,37,41,0,2,12,18,254,0,4452
42,6,205,18,10,0,10,34,1,0,3,2,135,0,1729
8,12,80,62,17,0,15,21,2,0,15,1,65,0,2445
11,12,242,109,19,0,11,59,1,0,19,19,167,2,6192
5,12,142,101,26,0,18,43,1,0,7,10,69,9,4002
31,9,552,90,20,0,14,78,1,0,23,1,358,0,5493
24,6,143,20,9,0,13,54,1,0,3,0,63,0,856
10,8,144,66,24,0,13,56,3,1,12,6,73,0,3364
19,8,314,49,15,0,22,49,1,0,22,0,135,0,2774
13,6,153,31,15,0,13,53,2,0,1,2,48,0,1029
32,7,217,40,14,0,14,68,1,0,14,0,158,0,2728
1,7,6,16,9,0,7,27,0,0,0,0,21,0,544
32,7,325,57,14,0,26,37,2,1,15,1,245,0,3514
49,6,668,42,14,0,23,123,2,1,10,0,270,0,3220
22,8,609,58,17,0,35,40,2,0,22,1,186,0,3626
