15,6,141,32,11,7,15,76,1,4,7,0,62,0,1291
17,8,195,39,13,10,10,70,1,0,10,2,82,0,2129
21,9,457,93,19,3,16,61,0,0,23,0,226,0,4995
22,8,196,43,17,3,19,51,1,1,10,2,118,0,2599
11,9,144,178,18,0,37,59,0,2,70,6,233,0,11959
21,7,310,33,16,7,12,54,1,0,10,1,90,0,1804
30,8,515,86,18,3,24,97,2,0,14,1,378,0,5023
32,9,479,57,15,0,20,98,0,0,10,0,271,0,3623
80,6,1572,29,12,7,20,78,0,0,5,0,355,0,3972
42,8,602,67,16,6,14,99,1,0,3,0,348,0,3970
14,9,146,46,18,2,13,50,0,0,14,1,86,0,3084
11,7,144,51,17,3,15,55,0,0,7,8,62,0,2664
77,9,2497,79,15,3,39,127,2,0,26,0,1000,0,9929
28,7,529,52,15,4,20,97,3,5,13,0,219,0,3077
18,7,368,47,12,7,8,44,0,0,7,6,109,0,7269
20,8,210,49,16,8,13,51,1,0,15,1,144,0,2786
10,46,214,103,16,8,23,106,2,2,23,0,127,0,36137
37,5,260,8,8,3,4,21,0,0,1,0,34,0,467
6,7,30,8,8,0,2,35,0,0,1,0,77,0,771
19,7,382,54,16,6,20,57,0,0,12,1,167,0,2146
54,7,431,17,12,3,8,56,0,0,2,0,127,0,1314
38,5,262,8,8,3,4,21,0,0,1,0,34,0,471
25,8,601,68,19,3,28,76,4,0,16,6,215,0,4035
31,6,345,23,13,0,16,45,0,0,4,1,90,0,1372
24,10,364,33,19,3,12,72,1,0,5,1,81,0,1811
10,8,146,99,13,3,19,75,1,0,26,0,108,0,3895
37,9,3282,212,23,3,92,250,4,10,61,0,1203,5,14882
15,10,256,34,21,3,10,51,1,0,5,1,70,2,1996
6,8,144,153,18,6,30,106,1,0,30,1,128,0,5213
5,11,130,54,20,3,13,35,0,0,8,11,29,1,2899
28,7,529,50,15,4,20,97,3,5,12,0,199,0,2885
7,12,168,59,17,0,13,67,0,0,4,3,47,5,2946
23,9,142,81,18,7,18,144,3,3,12,1,274,0,5069
5,17,146,96,18,3,14,51,0,0,18,0,52,6,3566
10,7,106,54,16,7,15,86,1,1,16,0,108,0,18617
18,8,82,72,17,3,23,74,3,0,18,0,151,0,7354
4,14,163,303,20,0,27,76,2,0,8,36,171,33,16893
51,9,2130,143,24,3,43,145,6,12,22,0,1120,6,10440
47,7,575,34,13,8,6,65,0,0,5,0,249,0,2411
57,9,2199,86,14,3,21,182,2,0,21,0,723,0,7535
9,10,161,118,21,3,23,68,2,0,28,18,117,3,6136
14,12,167,128,20,3,11,52,1,0,25,10,235,12,7398
20,6,254,36,10,7,30,74,1,0,13,0,97,0,2081
14,11,144,59,18,3,9,48,1,0,6,2,117,5,4075
21,7,143,19,14,6,6,59,1,0,2,0,46,0,808
18,9,343,82,19,3,18,105,3,0,12,7,198,0,4408
16,7,130,63,12,3,14,116,0,0,20,5,131,0,3941
7,14,66,162,24,3,14,113,1,6,48,3,111,5,19386
24,6,251,25,14,0,10,44,0,1,4,1,70,0,1261
32,7,666,108,17,0,61,131,0,0,12,0,442,0,5419
13,9,289,73,18,3,14,103,2,3,17,2,119,0,3633
18,10,631,139,25,3,21,119,2,0,30,13,364,2,7361
14,9,537,167,19,3,25,130,0,0,7,0,287,18,6046
8,7,41,8,8,0,2,35,0,0,1,0,92,0,883
30,7,708,143,17,3,71,182,2,0,31,6,592,0,8281
15,8,215,48,17,3,12,60,1,0,9,9,93,0,2781
14,9,142,67,18,3,18,79,3,0,13,0,118,0,3317
8,8,76,88,17,3,16,103,1,1,42,0,121,0,5479
28,8,400,47,12,9,8,146,2,0,20,0,188,0,3421
18,7,141,21,13,6,6,53,0,0,4,0,53,0,928
24,8,572,218,19,3,80,249,6,0,25,0,835,0,9921
22,10,600,332,21,3,62,130,1,0,79,7,926,0,17772
55,10,408,56,18,6,11,95,1,0,3,0,448,11,4264
23,9,142,81,18,7,18,144,3,3,12,1,274,0,4871
19,7,382,54,16,6,20,57,0,0,12,1,159,0,2102
32,9,503,99,17,7,12,103,1,0,28,7,506,0,39993
135,7,722,63,14,3,40,113,0,1,8,0,1364,0,9637
37,6,547,25,13,0,18,44,0,0,6,1,120,0,1771
22,10,309,37,19,3,13,79,1,0,7,1,90,0,2052
36,9,877,111,17,3,39,56,0,0,28,0,611,0,7185
18,7,262,37,15,3,7,40,1,0,6,7,96,0,2404
10,10,137,222,22,3,32,273,2,6,14,1,687,32,9880
13,7,105,165,12,3,36,315,2,0,74,0,245,0,13238
15,7,160,23,14,5,10,34,1,0,5,0,44,0,787
11,8,247,38,18,3,15,31,1,0,6,3,48,0,1607
11,7,78,24,12,3,7,30,1,0,7,0,27,0,755
40,9,418,91,15,3,37,168,2,1,15,0,502,0,6107
17,8,400,74,19,3,21,99,3,0,20,0,152,0,3764
49,7,610,23,11,3,6,54,0,0,7,0,153,0,1936
20,7,143,25,13,3,8,36,1,0,7,0,52,0,1413
13,7,144,39,14,3,11,60,0,0,8,8,60,0,2368
6,14,624,532,25,7,53,354,12,0,62,32,400,87,97375
13,12,168,52,22,3,9,67,1,0,7,0,71,7,3578
14,10,319,141,23,5,33,183,3,2,30,0,245,10,6474
10,7,144,48,14,0,19,35,1,0,13,1,40,0,2237
15,7,204,35,16,10,23,96,2,0,3,1,58,0,1448
24,7,145,9,9,2,3,34,0,0,1,0,27,0,1082
14,9,160,84,16,3,13,110,2,3,21,0,137,0,18213
42,7,836,30,15,3,18,65,0,0,6,1,154,0,2123
26,8,357,35,15,7,9,57,1,0,8,0,124,0,2720
27,7,514,55,15,4,20,132,3,5,16,0,238,0,3315
12,9,219,84,22,3,23,36,1,0,25,2,138,1,5371
16,7,144,60,14,0,22,73,1,0,25,0,108,0,3939
21,9,209,139,22,5,20,317,4,0,19,0,398,0,16749
14,7,141,22,13,3,7,46,0,0,4,0,45,0,853
6,11,146,66,20,0,12,31,0,0,11,2,38,4,3144
14,10,271,208,22,5,34,235,2,0,18,0,378,20,18156
12,11,78,86,19,3,9,51,0,1,12,0,120,10,4159
51,8,381,42,11,4,8,51,1,0,0,0,301,0,2859
19,9,146,70,17,0,11,51,1,0,15,0,173,0,3361
20,9,259,43,15,3,8,77,1,0,9,0,121,0,2267
44,5,869,25,13,6,19,80,0,0,2,2,161,0,1667
60,6,2197,48,14,7,38,130,1,0,4,0,410,0,4590
23,8,264,40,15,3,15,70,1,0,9,0,112,0,2596
20,8,385,129,13,3,27,73,3,0,32,0,317,0,6158
6,15,326,144,22,3,12,59,1,0,28,3,107,29,6669
38,6,424,21,14,0,8,45,0,1,2,1,104,0,1298
8,8,144,96,12,3,20,75,1,0,37,0,58,0,4365
15,7,336,74,16,0,53,106,3,0,22,0,131,0,3961
79,6,679,26,11,3,14,90,1,0,9,1,344,0,3076
16,7,172,32,10,3,12,46,0,0,12,0,70,0,1789
45,6,2720,69,14,4,51,109,5,0,4,10,409,0,5026
26,11,891,121,17,3,18,122,2,0,12,19,425,0,8038
27,7,529,43,15,3,18,61,2,4,10,0,169,0,2442
356,8,10208,30,14,3,7,166,2,3,3,4,1510,0,11556
25,7,226,71,16,3,26,75,2,0,2,0,223,0,2942
10,13,167,66,19,3,10,81,3,1,17,14,68,1,3842
21,7,143,31,14,6,12,55,1,0,7,0,85,0,1529
40,7,910,56,13,6,26,120,2,0,14,0,373,0,3611
13,10,162,44,17,4,9,47,0,0,9,3,75,0,2135
16,9,176,100,17,5,18,104,5,0,25,1,208,0,15769
15,12,392,383,19,3,45,301,0,0,87,0,863,45,19748
15,7,96,51,16,9,34,55,1,0,16,1,91,0,2673
29,8,323,55,18,5,15,83,1,0,12,1,242,0,9873
13,7,142,67,17,4,14,102,2,1,18,1,109,0,18279
12,12,146,137,24,3,16,136,2,1,10,0,209,9,6039
5,9,146,84,22,3,14,82,2,0,11,1,49,0,2737
9,7,144,59,14,0,21,35,1,0,17,1,45,0,2822
11,10,161,123,22,5,18,132,4,5,19,0,141,12,4796
10,9,172,72,14,3,11,85,0,0,23,3,90,0,3559
20,9,318,120,16,0,60,185,1,0,13,1,279,0,7005
32,9,244,61,11,9,17,183,1,0,8,0,284,0,3443
12,8,173,42,19,3,8,71,1,0,6,6,48,0,2213
62,6,1129,37,14,7,17,91,2,0,2,0,324,0,2911
114,6,723,13,8,3,6,64,0,0,3,0,242,0,1853
50,9,693,86,20,3,30,93,1,7,11,1,677,0,6742
12,7,68,35,14,7,13,44,1,0,9,1,97,0,6671
19,7,141,50,17,7,16,83,3,0,12,2,104,0,2941
9,6,153,28,9,3,23,36,0,0,6,0,26,0,1006
26,5,143,9,9,3,5,28,1,0,1,0,30,0,467
13,7,142,112,21,7,24,160,2,11,26,5,166,0,28049
11,8,143,26,11,3,8,38,0,0,9,0,34,0,1231
14,13,298,65,20,6,5,47,1,0,12,4,123,5,3342
31,10,504,32,19,3,11,80,1,0,5,1,107,0,1962
22,7,429,82,17,3,25,145,1,0,19,2,243,0,27246
36,9,613,78,18,6,20,133,0,1,0,0,516,0,4002
14,11,81,56,11,7,10,189,1,0,20,0,118,0,3351
17,9,256,63,18,3,11,125,4,0,23,1,128,0,3778
29,6,249,36,11,3,18,44,5,0,12,0,170,0,2286
29,8,494,65,19,3,16,98,1,0,2,0,287,0,3218
21,11,627,383,16,3,43,209,4,14,87,0,1041,0,20108
12,11,179,65,15,0,18,67,2,0,5,0,93,0,2168
6,11,377,243,23,7,37,150,3,0,13,1,226,11,6691
14,11,454,172,21,3,22,118,3,0,29,40,399,0,10462
29,7,419,23,12,0,11,34,0,0,6,0,93,0,1430
11,9,142,252,15,7,76,278,6,0,75,0,378,0,144408
16,11,290,99,23,7,20,64,1,0,30,1,215,1,13615
10,7,111,71,15,3,19,125,3,0,18,1,97,0,2240
15,7,141,19,13,3,6,46,0,0,3,0,44,0,758
27,7,529,52,15,4,20,96,3,5,13,0,217,0,3055
11,11,132,197,24,7,28,167,4,0,49,28,338,3,13957
11,9,144,108,14,0,22,131,4,0,32,0,121,0,5878
43,6,268,33,12,6,15,98,2,0,13,0,207,0,2850
16,9,297,114,20,9,15,110,2,1,25,0,242,0,25883
32,10,601,36,20,3,11,85,1,0,7,1,129,0,2310
16,6,146,32,10,8,17,41,0,0,11,0,58,0,1736
24,10,340,107,18,7,18,243,3,3,20,1,385,0,9304
44,6,645,22,13,0,15,39,0,0,3,1,132,0,1572
14,10,413,225,22,3,49,214,2,0,32,2,436,16,10187
29,10,825,202,29,4,44,413,2,2,44,1,1100,3,11819
9,7,101,47,12,5,20,36,3,0,22,0,47,0,2628
22,11,311,55,16,5,11,71,1,0,14,0,153,0,6190
13,12,274,149,25,3,22,80,0,0,10,7,258,10,6863
22,8,328,63,18,9,17,124,2,0,17,0,183,0,15666
17,8,145,29,14,5,15,77,1,0,4,1,57,0,1269
9,12,209,137,23,7,16,72,1,0,33,4,160,8,7351
26,6,543,29,13,3,19,49,0,0,6,7,92,0,2205
21,7,160,94,15,3,26,110,2,0,21,0,243,0,4814
33,5,160,6,6,3,2,35,0,0,0,0,25,0,7533
73,8,1160,52,13,7,10,169,1,8,5,0,533,0,6148
15,7,708,153,14,3,89,88,0,0,38,0,337,0,6875
83,6,2769,40,12,3,35,101,0,0,10,0,522,0,4648
34,11,326,75,19,3,19,78,2,1,11,0,330,0,4189
11,12,216,50,14,10,7,57,0,0,5,1,68,0,1773
102,6,746,29,11,0,17,42,1,0,4,0,433,0,3589
15,7,145,17,9,2,5,42,0,0,5,0,31,0,780
37,6,339,24,13,0,17,46,0,0,7,1,100,0,1793
40,10,2951,240,23,6,103,418,0,0,34,2,1530,26,16417
9,12,323,589,18,0,42,376,1,0,152,0,527,0,25105
19,7,145,32,13,10,10,60,0,0,4,0,78,0,1275
13,9,425,117,23,3,34,62,0,0,17,17,236,0,5975
13,10,261,61,22,7,23,72,3,0,21,1,107,1,4060
20,7,209,54,20,7,18,98,3,0,9,1,135,0,3156
17,9,451,70,14,3,23,97,2,0,20,0,151,0,3997
15,7,199,79,15,3,17,52,1,1,0,0,139,0,1959
8,7,56,40,15,3,19,41,1,0,10,2,49,0,5300
15,11,508,206,27,6,38,175,2,2,39,0,416,22,9023
16,7,271,75,18,0,30,54,0,0,22,4,144,0,4553
14,12,208,73,18,3,13,70,1,6,24,1,119,0,3933
21,13,308,253,23,7,18,252,2,0,10,0,610,41,10533
19,7,407,58,16,4,24,55,1,3,13,0,139,0,2786
25,7,512,36,15,0,16,69,1,0,5,0,104,0,1733
34,6,227,16,11,3,11,49,0,0,2,0,68,0,970
18,9,150,71,18,7,24,89,1,0,18,0,165,0,3796
33,9,2285,304,26,7,50,218,23,0,55,0,1323,22,18452
10,7,143,35,11,0,11,33,1,0,8,4,34,0,1658
28,10,145,22,10,0,4,53,0,0,1,0,71,0,1070
7,10,253,333,26,5,25,178,1,0,109,4,208,2,15845
43,9,1087,105,25,7,18,103,2,2,8,1,720,0,6943
36,6,227,15,11,3,10,43,0,0,1,0,63,0,853
13,10,249,121,22,3,20,182,3,0,27,0,226,11,6691
17,7,130,11,9,3,3,40,0,0,0,0,21,0,14902
18,8,904,108,14,3,19,124,0,1,0,0,245,19,3858
37,11,834,136,20,3,10,80,1,30,14,1,738,0,7710
63,6,681,21,15,0,8,45,0,1,2,1,166,0,1817
8,13,144,136,19,4,23,94,1,0,17,8,146,5,5587
15,8,259,143,20,3,19,108,1,1,11,1,269,0,4942
12,10,148,107,19,3,14,67,4,0,34,2,158,0,20119
63,9,1537,33,14,4,9,50,1,0,11,0,317,0,3395
30,10,1236,340,26,7,66,327,12,21,65,0,1490,12,20993
14,19,602,352,23,8,23,300,3,7,62,1,709,0,17351
59,9,479,53,17,7,22,86,0,1,5,0,505,4,5794
36,10,484,175,19,5,35,277,1,0,80,0,1073,0,15322
11,7,96,27,11,3,12,24,0,0,6,0,28,0,1138
13,7,144,71,13,0,14,97,1,0,24,0,110,0,4151
10,10,300,134,17,3,18,50,2,0,36,2,160,8,34756
50,6,668,20,13,0,13,46,0,0,3,1,134,0,1526
29,6,348,24,13,0,17,44,0,0,5,1,87,0,1445
15,7,145,15,9,3,4,36,0,0,4,0,28,0,675
17,7,442,90,14,3,23,117,0,0,27,0,232,0,7110
13,9,241,48,12,7,11,51,1,0,18,0,72,0,2694
6,14,624,532,25,7,53,354,12,0,62,32,400,87,99123
21,7,186,49,12,0,12,118,0,0,13,2,130,0,2749
19,7,387,41,15,3,14,52,2,0,7,0,110,0,2579
41,7,2546,71,15,3,51,89,2,0,8,0,456,0,4097
19,8,216,96,22,3,21,204,7,1,30,1,224,0,5072
8,8,83,94,17,3,16,118,2,1,43,0,126,0,5651
29,13,552,220,28,3,53,236,3,3,26,0,922,21,16356
21,7,168,30,15,3,15,34,1,1,5,1,87,0,1508
57,7,620,28,11,0,13,47,2,0,3,0,216,0,2056
12,13,152,81,17,3,17,118,2,1,6,0,117,12,4259
42,7,451,25,16,3,11,50,0,1,4,1,176,0,2180
14,8,179,39,22,7,15,72,1,0,6,2,70,1,1722
29,9,376,32,19,3,12,82,1,0,2,1,98,0,1733
21,8,143,26,14,3,7,53,1,1,2,0,72,0,1207
10,12,243,126,20,3,24,106,0,0,37,1,152,5,5958
43,8,705,56,14,4,11,46,0,0,2,1,331,0,3505
9,12,209,183,26,7,19,108,3,0,57,3,202,5,13447
12,8,144,54,16,3,7,83,3,0,11,1,70,0,2524
17,11,217,151,30,7,34,118,2,3,27,6,329,6,7098
25,9,286,27,19,1,10,59,1,0,1,1,85,0,1354
38,8,838,90,17,3,30,296,4,1,13,1,456,0,5728
29,7,3056,180,17,7,92,288,3,0,3,15,845,0,9828
22,9,209,145,22,5,20,335,4,0,19,0,425,0,5412
29,9,492,53,13,4,9,92,1,1,12,0,231,0,3296
40,8,848,52,15,10,34,146,3,3,5,0,264,0,3107
8,8,54,19,15,3,9,44,1,0,1,2,79,0,1123
25,10,256,39,18,3,19,50,2,0,7,0,128,1,2231
18,9,146,51,10,3,7,59,1,0,19,0,116,0,2874
16,8,176,72,18,7,19,104,2,2,15,12,211,0,4991
16,7,144,48,15,7,22,91,2,0,12,7,127,0,13147
40,10,3512,160,18,7,24,102,1,2,37,0,880,0,11169
15,8,409,42,16,9,10,81,1,3,11,5,108,0,2579
39,6,203,9,9,3,4,43,0,0,1,0,46,0,614
24,10,307,34,19,3,11,83,1,0,6,1,97,0,1942
19,8,251,177,22,4,42,252,3,5,62,0,471,0,81745
26,7,484,35,16,6,21,92,0,0,6,2,127,0,1896
13,7,221,133,18,3,46,157,2,12,28,0,228,0,10437
10,8,82,55,18,3,12,66,2,2,14,0,61,0,2447
25,8,371,165,14,3,34,292,3,0,42,0,556,0,9288
27,11,561,99,12,0,30,110,0,0,28,0,434,0,5234
19,8,662,227,19,5,55,211,7,0,64,0,511,0,12411
41,8,1667,102,19,3,16,225,0,6,16,0,518,0,6722
15,8,154,95,19,3,23,93,3,0,17,0,181,0,6186
10,10,144,71,18,3,21,101,1,0,15,14,90,2,4532
33,9,1421,189,17,3,59,212,2,1,49,0,1067,0,11716
34,7,1450,64,16,7,17,77,1,0,27,1,325,0,4856
55,7,1260,77,16,4,48,83,1,4,6,0,611,0,5776
17,6,281,24,11,0,12,44,0,0,5,0,58,0,1203
19,7,145,18,10,6,6,44,0,0,5,0,39,0,1003
4,9,144,76,18,0,9,46,0,0,16,17,52,3,4897
275,5,1408,6,6,3,2,106,1,0,0,0,158,0,2206
32,5,147,5,5,3,2,35,0,0,0,0,21,0,15584
16,10,685,147,28,5,25,90,3,0,37,2,322,1,12626
41,9,390,178,21,3,51,455,0,3,12,4,1009,0,11462
17,8,86,144,12,0,22,119,1,0,58,1,282,0,8757
51,7,411,103,16,7,38,205,3,0,17,0,805,0,11091
14,8,380,68,15,3,17,52,0,0,18,0,130,0,3183
25,9,228,71,22,7,14,89,1,2,7,3,247,0,3788
18,9,221,65,17,3,25,65,1,0,21,7,156,0,3944
42,7,254,23,17,3,8,57,2,0,4,1,112,0,1600
19,10,770,119,19,6,28,149,2,0,22,12,259,0,6390
15,7,142,102,17,5,16,163,2,1,33,1,206,0,41817
11,10,374,115,19,6,16,136,1,0,1,0,159,20,3456
16,7,174,47,13,3,14,42,2,0,15,0,74,0,2694
18,7,144,91,18,11,30,55,0,0,28,2,208,0,5051
37,8,558,155,25,3,72,141,1,4,16,4,919,0,8876
36,6,408,21,14,0,8,39,0,1,2,1,101,0,1257
8,11,92,60,11,3,10,34,0,1,23,0,55,0,3133
13,11,160,59,19,3,8,51,3,0,14,1,76,1,2519
16,8,146,58,17,2,26,50,0,0,15,1,122,0,3225
32,6,355,31,14,5,13,45,0,0,3,2,135,0,2183
30,13,797,166,30,3,21,133,3,1,25,4,625,7,10238
14,11,157,90,19,8,10,99,0,0,14,1,148,0,3273
9,7,143,35,11,0,11,33,1,0,8,4,30,0,1641
169,6,815,22,13,3,13,84,1,0,4,1,539,0,4320
6,7,158,141,16,0,56,55,0,0,53,11,50,0,7770
63,6,976,22,14,0,8,43,0,1,1,1,194,0,1800
15,8,170,124,12,11,21,137,2,0,47,0,293,0,13102
18,8,331,26,13,3,10,28,0,0,5,0,65,0,1249
9,6,56,29,13,3,12,38,0,0,7,4,101,0,5417
9,16,408,122,18,3,49,70,0,0,29,0,149,6,5293
13,10,170,121,25,3,22,116,1,6,41,2,172,1,8354
17,10,880,79,19,5,31,67,2,0,8,4,177,6,3427
19,10,213,67,15,3,8,137,0,0,28,0,175,0,4211
20,11,644,85,18,3,11,69,2,0,22,1,221,0,6704
13,11,124,89,15,5,24,86,2,0,24,0,127,0,6101
15,7,125,40,14,3,20,67,3,4,6,0,66,0,1547
22,5,152,10,10,3,6,32,1,0,1,0,30,0,511
37,6,515,24,13,0,17,44,0,0,5,1,109,0,1654
18,7,79,19,12,9,9,44,0,0,2,0,49,0,779
7,12,146,67,17,7,11,70,0,0,13,1,59,0,2539
16,8,181,46,18,1,10,72,1,0,12,3,106,0,1721
16,7,198,75,14,5,10,64,1,3,18,0,168,0,14594
15,9,223,131,18,0,41,148,5,0,33,10,239,0,29759
76,6,273,12,8,2,7,34,0,0,0,0,129,0,1080
28,9,1237,228,20,3,63,227,2,3,55,0,917,0,13362
12,7,81,55,11,3,17,47,0,0,20,1,90,0,3290
27,9,1590,215,21,3,46,189,1,1,40,3,827,0,11800
21,7,226,86,20,3,18,65,4,0,27,0,242,0,8912
49,6,368,13,11,3,8,42,0,1,1,0,86,0,902
25,9,392,242,18,3,30,369,5,9,63,11,812,0,24421
94,6,1115,28,10,7,21,66,0,0,3,0,378,0,3179
36,11,712,732,25,4,205,580,8,23,80,11,3769,57,44472
21,7,412,60,13,3,17,34,1,0,20,0,170,0,6413
50,8,330,75,20,3,14,109,1,0,2,0,554,0,5211
21,10,319,43,19,3,13,86,1,0,11,1,116,0,2488
48,7,300,14,12,8,8,47,0,0,1,0,84,0,936
15,8,187,68,18,3,17,187,3,3,22,0,135,0,3606
22,8,312,110,21,3,20,115,3,0,38,0,302,0,6676
17,9,232,78,15,3,13,60,2,0,19,1,162,0,6543
54,6,1720,64,17,3,34,137,3,2,10,1,545,0,4918
38,11,8106,467,26,2,77,274,11,33,54,0,2679,17,30282
18,9,385,71,16,4,15,132,3,0,18,0,179,0,5089
13,7,343,51,14,3,37,21,0,0,12,14,85,0,3298
22,7,217,47,19,3,16,82,2,1,11,1,126,0,2488
15,9,634,129,26,3,67,189,4,1,12,2,286,7,4631
14,11,273,65,21,3,11,50,1,1,10,5,133,1,2975
39,7,217,31,13,9,13,95,2,3,3,0,149,0,1775
44,11,2894,257,22,3,31,287,2,21,61,3,1661,6,19095
30,10,598,38,20,3,13,81,1,0,7,1,128,0,2214
25,7,505,39,16,7,12,59,2,1,18,1,125,0,3135
205,5,1204,7,7,5,3,88,0,0,0,0,92,0,1981
15,10,454,131,20,3,20,79,2,0,13,35,281,0,7793
19,7,377,54,17,3,14,75,1,0,11,1,125,0,2524
21,13,282,210,14,3,13,204,3,0,6,0,415,0,8354
23,7,321,40,14,0,10,37,0,0,10,1,130,0,2623
48,7,947,80,14,3,28,64,2,0,20,0,601,0,6607
12,12,129,64,26,3,14,54,0,0,5,2,119,1,5296
39,5,147,6,6,9,2,50,0,0,0,0,33,0,26548
38,6,404,20,13,0,11,37,0,0,3,1,109,0,1327
19,11,289,63,25,7,19,72,4,0,13,1,162,1,4504
15,10,272,147,18,7,25,181,1,2,90,1,294,0,11756
12,8,103,58,20,8,10,84,1,2,19,0,99,0,3057
23,10,340,104,18,7,19,225,3,3,17,1,382,0,7465
7,17,153,106,19,3,10,46,0,0,14,2,99,6,4992
11,12,256,167,25,5,14,123,4,0,36,3,218,9,12021
36,7,527,34,15,3,14,49,0,0,9,0,198,0,2768
9,12,146,66,17,3,11,69,1,0,5,0,55,4,1851
22,9,553,129,20,3,29,157,0,0,38,0,355,0,7900
11,11,289,192,26,7,21,124,2,0,102,1,273,2,58563
11,7,497,202,17,3,75,231,0,0,37,0,294,0,8592
13,8,145,57,13,3,17,45,3,0,13,0,74,0,1926
8,8,87,106,17,3,19,113,2,1,50,0,128,0,6567
11,12,179,48,15,2,6,52,0,0,4,5,68,0,1962
16,7,223,81,15,3,17,54,1,1,0,0,154,0,2068
11,7,101,67,12,8,30,46,3,0,39,0,85,0,4375
12,6,189,37,14,3,18,52,1,0,10,8,43,0,2152
12,9,114,81,19,3,14,82,1,4,28,0,113,0,4323
23,9,245,27,19,3,10,65,1,0,3,1,65,0,1414
7,8,49,105,16,7,34,88,1,0,35,4,93,0,20198
24,11,482,71,25,7,22,86,3,0,14,1,237,1,4858
28,9,284,74,14,3,18,87,5,0,24,2,263,0,4990
16,9,321,64,16,3,11,59,0,0,19,1,150,0,3491
16,8,610,271,20,3,68,80,1,0,100,5,485,0,15847
39,7,259,84,13,4,29,280,2,0,19,1,519,0,5696
52,10,825,148,26,4,58,557,3,3,33,1,1591,8,12099
18,7,183,84,20,3,30,119,2,0,14,3,161,0,4120
31,7,865,112,15,4,39,100,2,0,11,0,395,0,5920
24,11,915,197,18,3,27,96,2,7,4,3,740,0,7782
21,10,489,107,19,5,18,130,5,0,31,1,290,0,14714
29,9,768,58,15,3,15,36,0,2,18,0,231,0,3949
47,8,409,67,18,3,14,65,0,0,23,1,498,0,9905
9,13,130,97,18,3,7,94,2,0,11,0,90,18,3660
14,12,325,82,18,3,13,182,3,1,24,0,279,0,4423
13,10,96,76,19,6,9,137,6,0,18,2,127,0,2836
40,10,2050,219,21,3,54,311,2,0,21,0,1178,0,13178
34,11,330,165,18,5,37,230,0,0,27,5,841,0,10290
12,7,97,42,13,3,12,35,1,0,13,0,74,0,2079
14,9,259,252,18,3,35,364,3,0,98,0,426,0,44046
34,6,411,21,13,0,14,39,0,0,4,1,93,0,1349
65,8,4692,144,19,6,52,209,2,0,13,10,1271,0,13082
12,8,146,60,13,3,16,51,1,0,14,0,71,0,2326
19,9,420,61,14,0,15,91,1,0,16,0,158,0,3463
23,10,278,30,19,1,10,55,1,0,2,1,76,0,1490
9,10,125,42,16,5,13,38,1,0,12,3,53,1,3112
10,7,144,43,14,6,24,52,1,0,7,9,55,0,1976
10,7,111,69,15,3,19,124,3,0,17,1,96,0,2207
23,9,549,81,17,3,15,79,1,2,21,0,249,0,4767
12,10,144,171,15,7,24,141,2,0,64,0,246,0,10683
25,10,717,68,20,3,20,88,1,0,12,1,258,2,3864
19,9,142,34,11,2,6,50,0,1,9,0,68,0,1878
18,6,179,27,10,3,14,34,0,0,9,0,113,0,1917
11,9,53,47,17,8,9,102,0,0,16,4,83,0,10536
10,8,160,118,16,3,27,82,4,0,35,2,112,0,5153
38,7,314,39,16,3,21,50,1,0,6,1,223,0,3377
8,7,144,55,13,3,14,41,0,0,13,0,55,0,2046
19,7,473,48,13,3,23,46,1,0,12,1,130,0,2898
45,8,639,52,16,3,21,146,4,8,11,4,367,0,4052
15,6,259,54,11,5,30,47,0,0,5,15,117,0,2282
9,7,144,48,14,1,29,43,1,0,9,11,59,0,2362
37,8,951,257,16,4,39,426,2,3,86,0,2195,0,19726
30,7,462,22,13,4,12,70,0,0,3,0,77,0,1202
9,11,144,107,18,6,17,133,0,0,35,3,106,2,5678
13,7,161,42,14,3,12,41,1,0,13,0,55,0,2266
49,10,585,148,18,0,34,106,1,10,0,0,960,0,9706
14,8,102,119,13,0,22,105,1,0,45,1,185,0,6673
40,7,933,58,17,7,21,83,0,1,16,0,333,0,4312
14,9,146,92,28,0,16,167,1,0,15,0,166,4,3472
8,12,125,130,21,3,24,59,8,0,38,4,115,1,6178
12,9,420,58,17,5,17,54,2,0,10,2,99,1,2257
6,17,146,79,17,3,15,48,0,0,14,0,56,5,2875
21,7,333,139,19,0,63,125,5,1,24,1,327,0,6809
25,7,284,70,16,6,17,66,1,0,25,5,210,0,5104
29,9,2772,246,26,4,69,238,3,13,66,25,1124,0,145658
13,9,384,117,22,3,18,83,2,5,28,1,172,0,5520
15,9,237,120,18,3,17,171,2,5,39,0,269,0,7110
19,10,710,75,18,3,28,89,2,0,16,7,174,0,4356
552,5,3089,6,6,3,2,141,1,0,0,0,325,0,4082
6,11,173,127,20,3,10,101,1,0,14,24,82,5,6653
16,11,855,356,28,3,57,121,4,13,78,33,678,4,20062
26,6,144,6,6,3,2,34,0,0,0,0,21,0,2977
11,9,142,89,18,9,12,96,3,0,25,0,108,0,19682
18,7,200,71,14,3,16,95,4,1,24,1,142,0,3661
24,7,207,44,17,3,19,46,1,0,10,1,261,0,4465
9,18,146,107,24,6,18,62,0,0,21,0,115,5,4545
42,7,135,76,14,9,19,152,1,0,23,2,444,0,6034
16,10,476,250,25,7,40,186,1,0,82,6,561,2,14823
67,9,8587,201,19,2,56,177,10,28,10,0,2057,0,16766
26,9,397,162,18,3,19,265,2,0,40,0,604,0,9666
16,7,176,23,12,3,6,44,0,0,5,0,48,0,1085
17,7,122,63,17,12,24,76,1,0,6,9,146,0,2974
38,8,401,36,13,4,15,112,2,0,5,5,328,0,3439
12,7,145,41,16,3,12,56,0,0,6,8,67,0,2060
20,10,352,44,19,3,12,87,1,0,14,1,100,0,2871
12,9,174,94,17,3,21,62,1,0,25,2,129,0,6998
39,5,270,8,8,3,4,21,0,0,1,0,34,0,487
16,8,434,82,18,3,17,103,3,0,10,2,142,0,3373
41,10,900,67,21,3,22,64,2,4,13,1,388,1,5398
29,11,1121,423,32,7,54,324,4,4,100,1,1793,14,160090
6,8,146,88,17,3,10,64,1,0,11,9,53,0,3361
9,11,676,422,20,2,28,99,3,1,173,1,358,0,25575
23,7,452,57,20,3,40,100,1,0,3,5,188,0,2945
15,8,286,115,16,3,36,62,0,31,32,0,189,0,5848
12,7,144,55,14,4,19,72,0,0,12,1,88,0,2289
17,7,559,59,16,3,24,80,2,1,17,0,124,0,9060
10,10,257,204,19,3,32,219,4,3,36,0,277,0,8616
13,8,313,73,16,3,36,93,2,0,8,0,101,0,2535
54,6,729,23,14,3,9,65,0,0,6,1,161,0,1968
154,8,1795,33,13,4,9,414,4,0,0,0,1049,0,5617
16,7,142,53,15,3,24,115,3,0,14,0,138,0,3111
24,8,297,38,14,3,6,43,0,0,7,0,131,0,3948
27,10,467,35,19,3,13,74,1,0,6,1,106,0,2077
19,8,164,48,15,3,21,84,0,0,9,1,116,0,2263
15,12,388,65,18,3,9,53,1,0,6,11,149,1,3848
45,6,800,28,13,0,16,57,0,0,9,1,174,0,2338
18,9,238,88,18,8,24,93,2,0,16,1,216,0,3952
13,7,82,49,15,3,21,44,1,0,13,2,76,0,2402
30,11,479,111,27,3,38,86,2,0,6,0,502,5,5914
9,9,58,71,20,6,14,77,4,4,10,0,76,0,6842
25,10,301,33,19,3,11,76,1,0,5,1,93,0,1829
12,11,195,123,25,3,17,137,1,0,20,1,159,5,6073
34,6,444,24,11,3,16,55,1,0,4,0,114,0,1532
16,9,130,26,19,3,8,63,1,0,1,1,43,0,1065
45,9,408,236,21,3,62,632,2,4,33,7,1465,0,17540
13,7,131,16,11,0,6,31,1,0,4,0,41,0,941
12,9,210,101,21,9,19,110,2,3,24,0,153,0,19473
10,7,144,69,14,4,20,73,0,0,17,2,94,0,2825
57,6,721,31,14,7,15,81,1,0,1,0,263,0,2281
15,11,207,161,15,3,22,147,1,0,38,4,282,0,9077
33,9,1835,144,16,3,35,194,1,0,31,0,768,0,8810
35,6,416,21,13,0,14,40,0,0,4,1,94,0,1405
16,7,393,57,14,3,19,137,5,0,17,0,114,0,2678
20,7,471,68,14,3,26,92,1,3,16,0,256,0,12837
22,7,151,18,14,6,6,59,1,0,2,0,45,0,798
14,7,114,79,15,5,20,152,3,1,24,0,122,0,7568
15,8,142,41,13,3,15,53,0,0,12,0,66,0,2623
16,8,199,115,16,3,33,124,2,0,35,10,288,0,31411
11,10,166,58,13,2,10,77,0,0,10,9,120,0,7588
31,7,252,32,16,3,11,108,1,0,8,0,138,0,3652
37,7,217,31,13,9,13,96,2,3,3,0,141,0,1714
11,10,444,133,23,4,14,167,0,0,6,9,160,10,4773
15,9,164,36,17,7,8,58,1,0,10,1,52,0,2020
38,7,139,29,11,3,8,53,0,0,6,0,152,0,1903
13,11,220,184,21,3,18,111,5,0,32,41,325,0,10857
4,8,96,200,15,3,29,171,0,0,65,29,99,0,211940
21,6,1380,126,12,3,104,232,4,0,42,0,369,0,8615
10,8,146,67,14,8,19,48,2,0,22,10,85,0,4073
22,7,508,42,15,0,18,68,1,0,7,0,107,0,1948
73,7,565,18,13,7,10,48,0,0,1,0,204,0,1671
16,13,1647,248,24,3,43,182,3,0,51,1,696,4,30192
49,9,434,39,12,6,6,68,0,1,5,0,397,0,4308
25,9,1447,93,18,3,24,112,2,0,11,23,363,0,5820
130,7,1459,62,18,5,42,197,0,0,3,2,1680,0,9757
25,10,1178,266,26,0,31,213,5,0,28,0,1040,29,12637
10,7,173,59,19,7,26,83,1,0,11,3,77,0,3400
18,8,356,124,14,3,20,68,2,0,49,1,262,0,7055
7,11,70,77,17,3,13,54,0,12,16,7,81,0,11403
14,11,392,56,16,3,10,55,3,0,13,0,92,3,3237
17,7,142,34,14,3,14,64,0,0,7,2,77,0,2355
13,7,160,86,18,3,25,63,1,0,30,1,153,0,4899
325,5,1764,6,6,3,2,165,2,0,0,0,140,0,2463
14,8,143,21,16,4,5,38,0,0,2,2,36,0,1152
20,7,492,67,14,3,17,121,0,0,24,0,193,0,4110
20,7,76,12,11,7,5,28,1,0,2,0,32,0,560
24,8,280,103,16,3,28,171,3,0,25,0,368,0,24956
31,7,946,113,15,4,41,84,2,0,13,0,386,0,5836
9,9,198,47,18,3,19,40,1,0,7,11,62,3,5307
12,9,143,36,12,3,5,67,1,0,10,1,57,0,1758
11,7,76,57,11,0,12,76,0,0,17,0,73,0,2484
11,7,58,40,15,5,11,86,0,0,10,4,71,0,3936
17,8,359,141,22,3,27,156,4,0,41,0,283,0,7426
11,10,146,43,17,3,9,44,2,0,9,1,55,0,1728
15,7,125,20,13,3,11,26,1,2,3,0,33,0,787
84,7,3124,92,19,12,72,153,1,9,11,3,1269,0,9859
8,14,164,79,21,3,13,51,0,0,24,4,60,2,5805
26,8,338,48,15,7,12,96,4,0,15,3,162,0,3246
11,8,121,62,16,7,12,118,3,0,11,0,103,0,3245
25,9,939,84,14,0,18,115,2,0,24,0,308,0,5375
18,7,423,143,14,0,31,169,0,0,63,4,321,0,9743
21,7,218,54,12,3,11,49,0,0,19,0,150,0,2963
24,8,297,38,14,3,6,43,0,0,7,0,131,0,4053
32,7,806,58,16,0,16,127,1,0,8,0,306,0,3361
15,7,264,52,15,2,16,80,2,0,7,0,108,0,2558
32,9,338,55,15,3,15,103,0,1,23,0,240,0,4453
15,12,491,75,15,3,8,54,0,1,31,0,176,0,3028
26,14,537,147,19,3,21,234,2,3,51,0,515,0,10045
38,8,1152,60,19,3,32,157,3,0,10,4,386,0,3988
26,14,542,198,22,3,18,171,0,5,29,3,843,0,9973
19,7,398,106,15,3,17,53,1,2,0,0,233,0,2884
88,7,2604,179,20,5,116,283,1,0,8,2,3031,0,19342
18,6,249,20,11,0,10,44,0,0,3,0,51,0,943
17,7,141,22,13,3,7,53,0,0,4,0,52,0,956
12,7,76,25,10,3,7,25,0,0,9,0,35,0,1310
34,10,675,35,19,3,12,73,1,0,6,1,144,0,2319
58,6,876,20,13,0,13,47,0,0,2,1,167,0,1638
18,9,228,65,18,3,11,52,0,0,10,5,176,0,8009
12,10,376,92,23,4,19,101,0,0,6,9,124,4,3639
7,10,161,264,16,3,21,81,1,0,78,67,187,0,19308
24,8,1103,106,18,6,29,166,2,0,19,13,301,0,6274
9,9,166,87,19,3,24,48,1,0,20,2,78,0,3571
18,11,2410,374,30,3,84,386,8,29,69,3,884,19,17665
25,10,288,94,21,3,18,102,1,0,15,2,332,14,5665
10,7,143,29,11,0,11,33,1,0,5,4,31,0,1316
13,7,146,79,13,19,31,173,1,0,23,19,72,0,5529
40,7,404,19,13,3,12,50,0,0,1,0,98,0,1125
17,8,397,76,20,0,21,80,3,0,17,9,154,0,3469
24,8,254,43,16,5,11,39,0,0,9,1,134,0,2303
33,8,258,31,16,3,9,40,0,0,5,1,143,0,1979
11,8,470,201,18,3,41,147,0,0,41,0,303,0,8937
27,10,1147,341,26,5,48,347,6,0,41,1,1384,17,40865
4,12,130,150,20,3,19,57,3,0,11,23,49,4,8211
20,8,447,71,19,6,45,92,2,0,15,1,160,3,3420
43,9,557,57,16,4,21,154,3,0,3,0,313,0,3545
28,9,1596,230,21,7,44,307,3,0,18,0,943,25,24638
48,8,1014,59,16,3,18,124,2,5,10,0,435,0,5121
37,8,890,67,22,3,18,81,1,1,3,1,358,5,4014
16,7,125,47,15,3,18,73,3,3,13,0,84,0,2266
39,6,230,15,11,3,10,46,0,0,1,0,82,0,899
5,15,146,159,22,3,12,59,1,0,35,5,86,32,7690
8,8,76,100,17,3,18,109,2,1,49,0,122,0,6371
32,6,407,22,13,0,15,44,0,0,5,1,86,0,1474
10,11,161,68,17,7,13,66,1,2,30,1,75,0,4321
15,6,95,21,11,0,10,34,0,0,0,1,45,0,663
11,9,400,98,14,10,82,163,4,0,22,1,135,0,4184
16,8,176,72,18,7,19,104,2,2,15,12,211,0,11743
9,14,144,92,18,7,10,84,2,2,12,0,116,0,3373
39,6,2353,73,14,8,49,79,3,0,8,18,435,0,5653
61,7,548,127,20,7,64,168,1,8,18,3,1254,0,10948
19,9,146,42,10,3,7,63,1,0,16,0,115,0,2394
29,9,1159,142,19,3,20,100,2,27,20,1,580,0,8314
38,7,497,75,16,3,16,185,1,1,31,0,423,0,25072
18,9,318,186,15,3,47,107,2,0,57,0,498,0,18051
11,7,143,31,14,1,17,37,1,0,6,8,46,0,1648
11,7,142,47,13,3,23,46,0,0,10,0,65,0,1680
21,10,489,110,19,5,18,130,5,0,32,1,301,0,7722
9,8,49,47,13,3,9,48,0,0,17,0,58,0,12119
20,14,430,268,28,7,38,229,5,3,43,12,708,3,13780
53,7,471,38,13,8,20,63,0,0,11,0,300,0,3399
83,7,899,68,12,3,21,39,1,0,2,0,779,0,6660
19,9,2568,403,21,1,105,411,3,0,79,0,1120,50,18711
48,7,573,44,14,6,14,56,1,1,11,0,288,0,3355
10,8,107,80,17,3,17,112,2,1,31,0,99,0,4538
59,6,792,21,13,0,14,40,0,0,4,1,153,0,1885
27,8,262,49,13,7,10,74,0,1,5,0,160,0,2684
41,7,340,42,15,3,19,49,4,2,7,0,239,0,2723
15,7,146,43,15,4,12,78,1,0,11,0,89,0,1864
27,10,470,38,19,3,13,83,1,0,6,1,120,0,2223
10,15,78,124,21,3,12,34,1,0,34,0,134,3,6196
4,12,146,66,19,3,13,50,0,0,9,12,35,2,3188
26,7,376,52,16,3,19,66,3,3,10,0,208,0,2958
17,9,159,52,15,4,14,80,3,7,15,0,123,0,2539
10,9,69,77,15,3,15,89,1,0,21,1,107,0,3681
56,7,614,88,11,3,33,222,4,0,8,0,706,0,6240
52,8,779,47,18,7,20,115,1,0,3,0,373,0,3318
7,10,146,105,20,5,30,54,4,0,23,18,78,2,5548
38,9,633,91,18,5,30,110,2,3,18,1,520,0,7605
21,8,335,49,13,5,10,43,0,0,8,0,133,0,2245
17,10,207,78,19,2,12,103,3,0,20,0,175,2,3802
32,9,2011,187,22,5,39,205,3,0,37,1,806,0,12028
27,8,843,106,12,3,33,141,2,0,25,0,355,0,6848
24,7,360,51,18,3,14,51,5,0,12,0,169,0,3993
27,8,463,59,20,7,18,78,0,4,9,1,226,0,3136
111,7,1683,29,14,3,18,76,0,0,5,1,469,0,3970
16,9,154,68,11,0,11,63,0,0,22,0,134,0,4055
86,6,899,39,13,0,21,60,0,0,3,0,489,0,4001
11,7,76,29,10,3,9,27,0,0,11,0,38,0,1529
4,8,39,41,16,3,12,34,0,0,6,0,33,0,1588
11,7,96,25,11,3,12,24,0,0,5,0,29,0,1060
62,6,772,126,12,3,78,261,1,0,0,0,1197,0,9346
22,7,170,35,15,10,13,50,1,1,9,1,99,0,1954
10,8,199,81,16,3,19,51,0,0,20,7,88,0,4203
47,6,658,21,14,0,8,42,0,1,2,1,127,0,1479
12,7,142,135,14,8,52,198,2,0,33,0,215,0,7224
8,8,110,99,19,3,16,93,4,0,29,2,118,0,6154
31,8,222,56,12,10,17,92,1,0,3,0,245,0,2719
16,7,186,66,17,3,16,70,2,0,21,0,118,0,21668
39,8,465,68,16,3,34,140,0,0,9,5,420,0,8344
28,9,3290,285,25,5,68,342,2,6,83,25,1269,0,90141
22,9,409,92,20,3,26,71,4,0,25,0,283,0,7265
31,7,797,38,15,3,10,77,1,0,9,0,178,0,2425
11,10,91,48,17,3,14,40,1,0,12,0,50,1,2261
53,9,1086,178,19,3,56,191,2,0,35,8,1670,0,48797
13,6,214,36,14,3,17,48,1,0,10,8,45,0,2167
46,7,346,53,16,7,26,78,0,0,13,0,321,0,4261
12,9,148,144,17,3,26,114,0,2,41,5,205,0,6763
50,9,425,150,22,10,61,100,1,5,4,2,1182,0,10400
13,10,157,116,21,7,31,155,4,0,27,15,239,2,25628
3,12,142,151,17,3,13,56,1,0,34,20,58,7,7210
33,9,481,65,20,3,10,74,1,6,12,0,288,0,3869
25,7,496,44,13,3,15,81,0,0,16,0,157,0,12237
12,9,74,37,16,3,7,46,2,0,12,0,62,0,2717
11,10,871,478,24,3,49,331,4,1,79,0,637,42,19152
16,8,144,48,17,3,27,71,3,5,11,9,98,0,3101
76,7,2685,78,19,3,39,152,2,0,11,4,853,0,7999
21,11,844,123,21,4,13,75,0,0,28,0,341,8,6526
24,10,432,88,21,7,20,122,2,1,7,0,265,3,4075
6,9,144,60,12,3,12,43,1,0,7,13,42,0,3043
27,10,421,33,19,2,13,68,1,0,4,1,95,0,1824
13,7,84,35,11,3,19,50,0,0,13,1,82,0,2514
13,8,134,41,16,3,11,65,0,0,5,5,94,0,3802
14,8,272,137,20,7,17,169,9,0,42,1,246,0,6303
9,8,166,116,18,3,31,42,1,0,31,1,120,0,4886
56,10,1027,154,16,7,36,252,4,0,43,0,1351,0,19366
17,8,210,104,19,8,18,132,0,0,29,0,260,0,5425
30,7,480,48,16,9,31,62,0,0,15,0,221,0,3214
26,7,514,54,15,3,20,115,3,5,14,0,211,0,3226
13,11,160,80,14,3,16,104,1,3,21,0,111,0,16715
15,10,323,113,17,5,14,103,2,0,27,1,308,7,5418
10,8,144,44,17,4,9,55,0,0,7,4,54,0,1891
9,7,143,33,14,3,14,42,1,0,3,6,34,0,1301
14,10,160,70,16,3,16,84,1,0,16,1,102,0,3299
13,7,144,70,14,3,24,56,1,0,24,0,100,0,3378
16,7,186,66,17,3,16,70,2,0,21,0,118,0,21993
18,12,650,558,22,7,66,1255,7,0,141,0,1468,22,39310
12,9,144,116,14,0,16,136,4,0,39,0,170,0,5806
24,7,480,55,15,3,29,81,3,0,12,0,163,0,3442
16,9,144,49,14,3,14,53,2,0,15,1,83,0,2681
16,10,196,127,19,3,15,118,1,14,20,0,241,13,7240
16,13,186,141,23,7,16,72,0,0,17,18,358,1,6934
22,12,634,117,15,7,42,105,2,0,15,0,321,0,5143
9,6,90,50,9,3,22,45,0,0,24,0,54,0,2816
57,7,645,79,14,3,28,237,0,0,10,0,619,0,5762
10,12,164,69,24,3,11,44,0,0,22,1,64,1,3777
12,9,144,54,13,3,13,40,0,0,18,0,77,0,2715
16,9,130,28,19,3,9,68,1,0,2,1,43,0,1175
29,9,1119,158,15,3,22,191,3,0,19,0,588,0,7821
11,14,394,317,22,1,54,161,0,0,45,1,444,60,15269
74,8,486,85,11,3,55,296,4,0,4,0,1006,0,7981
15,8,338,83,15,0,15,98,0,0,27,4,142,0,4476
14,12,139,48,22,3,9,66,1,1,7,3,92,1,2086
43,9,788,31,19,3,11,86,1,0,3,1,160,0,2154
27,11,761,86,18,3,17,100,1,0,8,1,269,0,4079
39,7,955,36,17,3,23,93,0,0,5,2,207,0,2304
13,10,346,363,24,4,73,109,1,0,118,8,580,4,19690
11,11,153,65,18,2,21,38,0,0,17,1,98,4,3311
31,9,634,108,16,3,15,81,2,0,24,1,437,0,13107
20,7,346,46,13,3,16,48,1,0,13,0,112,0,2310
31,7,284,48,15,6,19,125,3,0,5,0,192,0,2412
60,6,1246,28,10,3,16,70,1,0,10,0,581,0,4023
15,12,246,107,24,3,18,59,1,0,17,17,217,2,6639
25,7,217,59,11,7,16,65,0,0,10,0,300,0,2700
17,7,76,37,14,9,9,32,0,0,11,0,70,0,1828
25,7,424,28,14,3,11,34,0,0,8,0,121,0,1558
52,6,870,28,14,0,8,53,0,1,8,1,196,0,2493
31,7,1100,75,14,3,56,104,0,0,18,0,371,0,4354
26,7,603,57,15,3,15,67,2,4,19,0,171,0,3567
10,15,125,126,21,3,9,224,6,0,18,4,152,2,4344
11,7,144,57,14,4,19,66,0,0,13,1,76,0,2269
12,9,288,99,20,7,36,67,0,0,21,7,168,1,6106
10,9,174,282,19,0,50,89,4,0,89,6,354,0,14788
15,11,271,72,19,3,18,157,2,2,27,0,162,0,4092
20,7,342,30,13,3,7,46,3,5,4,0,77,0,1305
12,9,192,75,17,0,31,119,2,0,11,3,110,0,3500
32,9,338,184,21,3,56,256,1,19,28,4,780,0,11142
10,9,161,50,14,7,13,63,0,0,24,0,46,0,3324
17,7,214,49,16,3,17,57,1,0,14,6,108,0,2977
14,8,162,31,16,7,8,49,0,0,5,0,40,0,1246
26,7,470,60,14,3,20,45,1,0,18,0,207,0,5599
14,21,178,74,16,3,7,71,1,0,10,0,145,0,3244
17,5,82,15,10,3,11,47,0,0,3,1,64,0,987
32,6,293,37,15,7,13,78,1,0,1,0,145,0,1789
17,11,205,72,18,6,18,100,1,13,12,0,166,6,3382
61,8,569,58,17,5,19,118,2,1,7,0,476,0,4643
19,8,259,99,19,5,35,141,3,0,8,1,231,0,4008
72,7,601,24,11,7,8,41,0,0,3,0,241,0,2198
29,8,204,33,14,8,7,71,0,0,1,0,123,0,1461
37,6,413,23,13,0,12,44,0,0,6,1,121,0,1674
9,9,92,51,11,3,11,36,0,1,20,0,50,0,2690
32,6,344,20,13,0,13,37,0,0,3,1,71,0,1186
21,6,836,65,9,3,59,176,1,0,23,0,159,0,3938
54,6,435,40,14,3,13,83,0,0,6,1,303,0,2994
11,10,91,69,19,3,19,46,1,0,19,3,82,1,3546
18,10,223,90,15,6,11,269,6,0,15,0,208,3,3703
13,7,51,34,10,3,11,69,0,0,12,0,68,0,7711
11,7,189,29,13,3,8,54,1,0,9,0,39,0,1338
19,9,437,197,22,3,26,149,2,5,56,0,528,0,11488
14,7,141,17,12,6,9,48,0,0,3,0,35,0,864
15,8,322,478,23,5,182,900,5,0,117,1,891,24,58779
15,12,691,154,24,6,29,132,1,6,33,6,284,10,7671
71,8,483,71,15,0,17,119,0,0,13,0,733,0,6921
28,9,1201,115,17,3,25,149,0,1,29,7,470,0,7531
49,7,398,40,13,3,18,44,1,0,10,0,251,0,3156
11,12,192,39,17,0,5,35,0,0,3,2,64,2,1638
23,9,516,101,22,3,11,81,1,5,25,5,292,0,6371
26,7,148,31,11,7,9,55,0,0,13,0,162,0,3278
17,7,146,40,15,4,17,61,1,0,8,0,84,0,1848
6,7,160,65,14,3,10,39,1,1,13,16,47,0,3641
461,5,2547,6,6,3,2,135,1,0,0,0,256,0,3488
30,9,400,27,19,3,10,62,1,0,1,1,100,0,1473
17,8,146,134,18,0,31,198,3,0,23,9,259,0,6353
7,8,42,37,11,3,9,33,0,0,11,0,40,0,1703
24,12,549,191,22,3,29,130,2,0,24,0,626,18,14338
12,10,160,56,22,3,13,41,1,0,15,2,78,1,2943
17,8,315,260,18,3,30,170,1,0,44,0,729,0,19022
4,14,96,206,20,3,13,63,2,0,18,15,112,19,7755
16,8,247,84,18,3,20,60,3,0,35,2,158,0,4783
35,8,1264,94,18,0,15,79,0,4,18,0,432,0,5675
13,7,144,56,10,3,16,38,0,0,20,0,71,0,2794
6,16,1432,706,18,2,46,424,0,0,165,37,504,0,26336
10,8,144,62,17,3,15,77,2,0,13,12,70,0,3337
38,5,266,8,8,3,4,23,0,0,1,0,34,0,479
18,8,300,69,18,3,18,70,3,0,14,1,161,0,3271
15,8,410,102,15,0,15,114,0,0,38,4,178,0,5838
7,36,202,184,15,3,28,94,0,0,44,9,154,0,9920
9,9,161,79,25,3,13,117,4,4,10,1,72,1,2495
54,7,332,100,13,3,29,56,0,0,31,0,1054,0,10279
15,9,289,74,21,3,30,118,5,0,12,4,122,1,2885
142,5,837,7,7,3,3,64,1,0,0,0,108,0,1493
13,9,438,105,13,3,11,97,1,0,33,0,176,0,5387
41,9,419,93,15,3,27,97,0,0,21,1,534,0,6503
13,7,223,48,11,3,19,71,1,0,14,0,66,0,2156
21,9,391,65,17,3,29,96,1,0,20,7,204,0,4208
14,12,288,554,29,3,36,484,1,22,109,0,832,3,26517
36,9,593,30,19,3,11,75,1,0,3,1,121,0,1894
7,8,144,130,15,10,45,108,1,0,29,0,70,0,5989
12,11,79,60,11,7,12,148,1,0,22,0,112,0,3625
19,7,155,72,16,3,25,65,4,0,24,0,165,0,5305
15,11,503,95,17,5,44,74,0,0,22,1,216,0,4482
24,7,252,60,16,0,22,52,0,0,9,0,344,0,4151
35,6,319,22,13,0,15,44,0,0,3,1,101,0,1349
19,7,297,32,14,7,8,49,1,0,12,0,69,0,2119
18,7,494,62,16,3,18,84,1,0,22,5,139,0,4164
92,7,1444,52,16,5,22,125,0,0,3,2,733,0,6438
11,7,149,74,15,4,20,119,3,0,12,17,101,0,5525
19,12,210,136,21,3,24,349,3,1,48,4,319,1,8186
6,11,209,188,24,7,26,112,1,0,57,3,147,7,12834
35,9,1740,231,21,3,61,262,6,4,56,1,1157,0,14825
18,8,142,111,18,7,26,246,2,1,37,1,329,0,9477
15,7,701,207,16,0,114,277,1,0,72,0,399,0,11458
112,7,1341,32,8,3,11,70,1,0,0,0,497,0,4039
7,7,160,54,15,3,8,40,0,0,11,11,43,0,2981
14,7,144,56,13,0,22,102,1,0,20,0,111,0,3291
13,10,93,60,16,3,16,37,1,0,18,0,85,1,3048
37,5,259,8,8,3,4,21,0,0,1,0,34,0,465
14,9,84,37,17,4,6,54,1,3,7,0,60,0,2534
8,8,457,80,17,3,22,45,0,0,9,0,86,0,14205
37,10,462,38,14,7,8,72,1,1,6,0,175,0,2560
7,7,160,73,16,3,11,46,2,2,15,16,59,0,4136
29,6,310,23,13,0,16,43,0,0,4,1,83,0,1326
11,7,224,86,12,0,23,97,0,5,21,0,133,0,4831
68,10,3305,238,22,7,97,281,3,21,51,27,2215,3,25117
25,7,213,113,20,9,20,249,2,0,32,0,409,0,6906
15,11,392,54,16,3,10,55,3,0,12,0,92,3,3256
30,7,205,16,11,3,10,46,0,0,2,0,58,0,985
45,8,1059,153,20,7,56,156,2,9,6,1,963,0,9649
18,7,417,67,12,3,11,74,0,0,27,0,172,0,3633
47,7,356,40,14,3,17,79,4,1,12,3,243,0,3540
25,7,612,44,12,3,32,73,0,0,10,0,168,0,2270
43,7,578,55,15,0,17,85,1,0,15,2,334,0,4392
10,10,143,27,16,4,7,38,0,0,3,3,35,0,1375
8,17,158,92,24,3,14,68,0,0,23,0,89,6,4152
42,7,424,74,16,3,24,88,3,0,27,0,456,0,5880
37,6,500,24,13,0,17,49,0,0,5,1,100,0,1609
39,7,3922,126,12,7,105,210,4,0,11,12,782,0,7723
33,8,1556,132,20,7,27,175,2,0,22,0,654,0,8437
56,7,1395,38,14,7,26,94,1,0,2,0,265,0,3735
23,7,373,70,11,0,14,40,0,0,26,0,259,0,4654
14,9,270,291,16,2,47,136,34,14,120,0,438,0,18527
18,7,145,17,14,7,7,47,0,0,1,1,41,0,717
14,10,271,208,22,5,34,235,2,0,18,0,378,20,17854
14,10,271,208,22,5,34,235,2,0,18,0,378,20,17850
14,9,181,112,20,8,22,129,1,0,9,0,192,16,4485
13,9,228,85,14,7,9,52,0,0,27,0,120,0,4262
10,11,324,160,27,3,24,55,0,1,24,11,225,6,21732
7,12,51,34,17,9,5,71,1,1,5,1,46,1,1366
26,12,736,996,30,3,56,844,4,3,127,0,3473,6,50251
27,10,806,232,29,7,42,328,1,13,56,3,857,5,15266
13,10,66,64,16,3,17,79,2,0,21,0,103,0,4173
28,7,552,35,17,3,19,42,1,2,6,3,142,0,2103
42,11,437,97,18,5,21,74,2,0,9,0,429,0,6373
22,7,264,32,17,3,10,63,3,0,10,0,83,0,1864
16,7,214,39,13,4,12,30,0,0,11,0,96,0,1973
32,11,782,309,20,3,46,382,2,0,58,11,1458,0,54827
23,11,587,101,18,3,14,98,1,4,26,0,298,0,6014
16,12,865,151,24,6,35,112,1,7,22,7,316,9,7085
7,7,162,41,14,3,12,34,0,0,9,9,32,0,2605
21,7,325,85,12,3,49,146,7,0,8,0,176,0,3972
14,7,131,175,11,0,27,110,0,0,56,0,428,0,9113
38,10,670,30,19,3,11,73,1,0,3,1,129,0,1987
35,7,171,39,13,9,15,112,2,5,4,0,150,0,2074
9,7,144,42,14,3,23,46,1,0,7,9,43,0,1964
11,8,82,58,18,3,13,74,3,2,16,0,67,0,2738
16,7,343,88,14,5,21,90,0,0,12,13,217,0,7705
23,7,143,11,9,3,3,47,0,0,2,0,35,0,559
65,10,1141,218,24,3,77,116,2,2,43,0,1979,14,39438
12,7,166,84,18,0,37,46,0,1,26,6,140,0,4889
13,9,164,94,17,7,18,96,0,0,44,1,153,0,6317
15,7,160,45,14,3,26,101,2,0,8,0,76,0,1937
15,8,149,96,17,3,40,144,7,0,11,0,153,0,3964
4,17,147,198,26,3,45,66,2,4,34,11,88,13,9242
42,8,664,36,16,3,19,56,0,0,4,1,385,0,4720
8,10,78,60,20,7,20,75,1,0,17,1,60,1,3261
388,5,2572,7,7,3,3,101,2,0,0,0,307,0,3558
16,7,308,59,15,3,31,99,3,0,10,0,114,0,2559
18,14,486,389,29,7,81,308,8,8,89,27,1044,9,21775
8,7,56,42,15,3,20,41,1,0,11,2,52,0,6471
17,11,170,141,24,7,18,221,1,0,14,0,308,1,4867
28,10,420,36,19,3,13,89,1,0,5,1,104,0,2039
37,7,2049,162,19,3,38,223,0,5,43,0,897,0,11305
14,6,143,27,10,3,14,49,1,0,9,0,40,0,1487
12,8,297,46,15,3,21,58,3,0,6,4,112,0,2337
14,7,144,78,19,3,36,93,2,0,9,1,125,0,2656
16,8,234,104,21,3,36,59,3,0,26,1,199,0,6621
5,10,146,85,18,7,14,57,0,0,13,5,43,14,4289
17,9,146,40,16,3,14,50,0,1,10,0,92,0,2174
27,6,297,23,13,0,16,45,0,0,4,1,79,0,1287
36,6,382,22,13,0,15,42,0,0,5,1,94,0,1510
18,7,258,40,13,3,21,74,3,0,12,0,94,0,2086
9,11,185,61,17,3,9,28,2,0,13,2,61,5,6478
23,9,473,111,14,7,27,131,2,0,24,0,300,0,5835
23,7,144,69,16,3,21,90,2,0,19,2,207,0,3314
13,9,146,107,16,5,44,153,1,0,37,0,151,5,5288
17,7,130,40,14,3,15,100,2,3,9,0,86,0,1639
42,8,1647,193,16,3,73,287,1,30,61,0,1198,0,14022
11,9,164,155,14,3,33,121,1,0,0,0,168,0,4315
45,9,395,51,15,3,16,47,1,0,15,0,361,0,5606
32,10,2781,216,26,5,65,193,3,12,52,25,1096,0,96276
7,11,129,313,24,3,37,352,6,0,56,1,204,17,12360
10,11,170,71,20,0,16,81,1,0,11,3,78,14,4342
15,9,143,321,16,3,34,217,2,0,124,0,525,0,20651
17,7,452,83,18,3,29,87,3,0,23,0,145,0,7469
16,6,187,25,10,3,13,41,0,0,8,0,110,0,1842
26,9,426,187,21,3,66,210,4,0,10,2,723,0,11728
18,7,368,93,18,3,51,127,3,3,10,0,242,0,3731
13,8,143,23,16,4,7,38,0,0,2,2,38,0,1175
38,11,2943,471,28,6,66,756,21,52,96,1,2579,12,34050
11,7,117,65,18,3,24,51,1,3,16,2,94,0,2933
29,6,362,25,13,0,18,47,0,0,6,1,90,0,1532
29,6,308,22,13,0,15,38,0,0,3,1,82,0,1199
10,6,143,24,13,3,13,39,1,0,2,3,31,0,857
21,11,253,77,21,3,10,115,2,5,19,0,213,7,4515
26,7,329,22,12,6,7,41,0,0,5,0,77,0,1608
40,9,293,46,17,5,10,46,0,0,1,2,250,0,2731
51,8,360,46,15,9,12,66,2,2,5,0,294,0,3316
27,6,343,56,10,3,30,84,0,0,22,0,250,0,10549
22,9,1898,244,22,11,39,216,2,0,48,0,778,16,32808
19,9,146,72,15,4,8,179,1,0,13,1,160,0,3376
13,7,144,61,13,3,18,52,1,0,22,0,95,0,2946
12,7,48,94,11,3,44,90,0,0,33,0,170,0,14874
21,9,214,38,16,6,17,66,0,0,9,6,110,0,2421
26,8,741,53,14,0,17,86,1,0,16,0,204,0,3566
22,12,550,175,20,3,14,206,3,0,13,0,553,18,7525
9,7,144,54,15,0,21,35,1,0,14,1,39,0,2442
70,9,6430,244,25,4,85,495,6,8,39,0,3260,0,34868
17,7,144,54,14,0,20,76,1,0,18,0,110,0,3153
19,7,143,24,13,3,11,63,1,0,5,0,55,0,1115
8,7,76,66,11,0,13,83,0,0,20,0,49,0,2908
18,11,505,236,16,3,35,207,5,0,36,3,545,0,47033
19,9,244,66,17,6,27,79,1,0,22,7,174,0,4168
15,8,193,154,14,3,25,155,4,0,63,0,214,0,9661
27,6,263,29,13,3,12,87,2,0,4,0,123,0,1602
12,9,190,75,17,0,31,121,2,0,11,3,109,0,2860
12,9,180,268,16,7,76,296,6,0,85,0,422,0,162091
8,8,144,78,18,6,20,67,1,0,13,1,101,0,2763
22,9,503,88,17,3,14,148,2,0,23,0,266,0,4636
33,8,405,96,18,3,45,120,3,0,22,1,422,0,5391
10,9,216,109,20,7,42,73,0,0,25,1,149,1,8397
6,6,86,49,13,7,37,72,3,0,8,7,75,0,1521
56,8,2580,175,17,3,45,302,4,9,15,0,1262,0,13049
18,18,334,230,26,3,30,92,1,0,57,2,573,9,12677
24,7,286,102,16,5,13,52,1,0,34,22,355,0,8542
13,9,160,129,15,3,16,97,4,0,55,1,184,0,8259
