42,8,833,54,16,0,24,66,1,2,11,2,284,0,3882
14,11,146,68,19,0,8,87,2,6,13,1,107,3,2841
31,5,145,10,10,0,6,30,1,0,0,1,35,0,531
10,10,188,62,21,0,19,75,2,0,12,1,67,1,2084
34,9,1415,51,22,0,27,102,1,0,9,2,212,1,3094
242,7,67445,1473,17,0,975,7617,11,0,0,0,64871,0,373433
50,8,622,41,16,0,18,81,1,0,10,3,279,0,3357
13,8,144,52,15,0,10,89,1,0,2,7,83,0,1858
30,7,603,36,14,0,24,116,1,0,4,0,128,0,1738
40,15,1025,89,16,0,20,168,1,0,21,1,487,0,6187
16,7,145,25,14,0,8,69,1,0,2,1,46,0,891
13,8,144,59,17,0,10,66,1,0,10,10,85,0,3794
14,8,144,37,15,0,15,64,1,0,5,3,53,0,1807
31,7,586,31,14,0,16,59,1,0,7,0,113,0,1798
26,6,449,31,14,0,19,84,1,0,6,0,112,0,1525
45,7,483,46,16,0,19,90,1,1,9,2,294,0,3599
56,7,712,66,14,0,16,96,2,7,17,1,478,0,5667
26,11,563,98,26,0,20,70,2,0,28,11,319,4,7377
37,6,457,24,14,0,17,46,1,0,1,1,99,0,1392
39,9,308,606,17,0,321,1243,2,0,12,18,2987,0,32750
17,9,159,85,19,0,18,102,1,2,16,7,181,0,3944
14,8,386,75,19,0,21,70,1,0,10,1,105,0,2843
9,10,142,165,21,0,24,117,1,0,42,1,138,0,7384
18,8,253,151,19,0,55,189,2,1,18,9,326,0,6411
9,8,79,103,18,0,41,76,1,0,20,2,176,0,9467
49,7,917,27,13,0,10,69,2,0,5,2,178,0,2149
114,6,787,27,12,0,9,45,1,6,1,2,430,0,3672
17,8,143,35,15,0,14,63,1,0,4,3,60,0,1751
4,13,93,93,20,0,9,57,1,0,20,7,43,3,3921
17,6,56,40,10,0,26,29,1,0,5,0,172,0,2301
14,8,193,59,15,0,30,36,1,0,21,9,87,0,3414
28,6,167,15,9,0,8,34,1,0,0,1,42,0,656
107,7,819,41,16,0,30,60,2,0,6,5,643,0,5950
21,7,144,31,17,0,10,79,2,0,5,1,73,0,1453
20,9,94,46,11,0,15,72,1,0,12,1,133,0,2673
34,8,731,177,18,0,51,216,1,0,24,1,800,0,9328
38,6,728,69,16,0,22,56,1,0,37,3,378,0,5993
17,8,171,39,17,0,12,71,1,0,6,7,84,0,2000
21,8,459,88,17,0,24,85,3,2,31,1,252,0,4730
62,7,857,59,14,0,26,115,2,4,21,1,618,0,7065
12,7,257,43,14,0,20,71,1,0,5,9,51,0,2098
25,8,1097,129,15,0,43,152,1,1,36,1,416,0,7574
23,7,333,122,14,0,31,109,1,0,39,2,297,0,7725
25,7,326,60,16,0,16,70,2,0,12,0,160,0,3355
14,8,144,45,17,0,10,86,1,0,4,0,71,0,1582
34,7,1274,106,18,0,27,116,1,11,27,0,446,0,6839
30,9,918,60,14,0,9,73,1,1,22,1,251,0,4187
32,5,144,5,5,0,2,31,0,0,0,0,21,0,1832
33,7,625,66,13,0,26,115,1,0,30,5,300,0,11249
25,8,458,57,13,0,20,61,1,0,13,3,185,0,3380
13,8,275,112,17,0,36,56,1,0,28,5,181,0,5001
13,7,185,56,18,0,26,81,1,0,13,2,90,0,3200
22,9,197,37,13,0,11,63,1,0,5,1,75,0,1743
51,8,616,70,14,0,28,111,1,0,19,2,506,0,5743
36,13,190,130,16,0,20,252,2,0,19,2,545,0,8818
24,5,146,7,7,0,2,31,0,0,0,1,22,0,3116
15,11,243,69,15,0,12,52,1,0,9,1,117,0,2486
23,8,225,80,16,0,12,127,1,0,21,1,222,0,4319
18,8,144,34,15,0,15,64,1,0,4,3,66,0,1770
45,7,807,22,12,0,7,64,1,0,5,1,138,0,1739
14,8,80,34,16,0,10,57,1,0,5,0,54,0,1264
19,10,144,48,17,0,8,58,1,0,14,1,115,0,2639
36,7,282,21,11,0,7,48,0,0,6,2,107,0,1652
42,7,253,39,14,0,22,110,1,0,4,1,301,0,3254
10,10,146,143,23,0,32,107,1,1,29,14,151,6,6833
20,11,512,149,26,0,34,116,2,0,37,1,343,1,7670
10,9,141,42,18,0,14,58,0,0,7,5,43,1,1758
18,8,198,68,17,0,22,76,1,0,19,2,141,0,3647
17,11,542,93,23,0,15,84,2,0,16,5,214,2,4607
42,7,253,39,14,0,22,110,1,0,4,1,301,0,3243
12,12,144,105,24,0,21,94,1,1,20,1,156,5,4320
19,9,572,85,18,0,26,62,2,0,25,5,219,0,5433
7,14,144,73,22,0,5,65,1,0,10,9,50,1,3560
17,6,143,24,14,0,8,63,2,0,1,0,49,0,724
42,9,400,76,16,0,18,120,1,2,10,1,418,0,5256
19,6,157,26,11,0,14,41,0,0,4,1,68,0,1063
31,9,391,108,21,0,34,86,1,0,11,7,443,1,5745
14,9,182,39,15,0,8,70,1,1,13,2,65,0,2221
18,7,145,27,14,0,9,62,1,0,3,1,52,0,1033
14,8,235,82,16,0,24,115,1,0,23,2,163,0,3803
24,11,211,58,18,0,12,55,1,0,25,3,212,5,4134
16,8,144,40,15,0,19,64,1,0,7,3,64,0,2108
52,7,351,74,14,0,29,211,1,15,15,1,499,0,5915
49,7,662,285,18,0,42,817,2,0,52,2,1815,0,21089
25,8,729,65,14,0,33,103,1,0,19,2,222,0,3710
98,7,686,44,15,0,17,130,1,0,4,2,636,0,5119
24,7,457,41,15,0,15,77,3,0,8,2,119,0,2258
39,8,1523,48,21,0,25,116,1,0,9,2,220,1,3208
40,8,1089,102,19,0,35,87,5,0,19,1,560,0,15549
17,7,247,30,10,0,15,43,0,0,6,3,57,0,1501
37,9,591,56,19,0,14,113,1,0,18,1,267,1,3960
15,7,143,20,12,0,7,46,1,0,2,0,42,0,674
50,7,773,36,14,0,16,85,3,0,9,2,241,0,2883
45,8,715,79,16,0,21,117,2,0,19,1,507,0,5511
31,7,1241,82,18,0,34,97,2,1,19,1,336,0,4723
8,12,210,88,16,0,23,104,3,0,9,24,82,0,4259
24,9,212,34,16,0,10,49,1,0,9,1,99,0,1982
81,7,747,65,15,0,24,155,1,5,13,1,922,0,10475
47,9,998,82,12,0,21,110,13,0,24,0,474,0,6709
35,7,1031,170,21,0,45,381,2,2,29,1,724,0,29866
23,8,142,89,15,0,18,180,1,0,1,1,241,0,3248
21,8,156,75,16,0,11,91,1,0,2,2,181,0,2810
39,8,554,53,16,0,20,87,2,2,4,3,275,0,3722
47,8,414,85,18,0,18,130,1,14,4,1,556,0,5309
51,7,1209,29,14,0,10,74,1,0,0,2,190,0,2347
20,7,1522,118,14,0,61,76,0,0,37,13,277,0,7484
26,7,211,83,17,0,28,147,3,0,26,2,241,0,4890
23,7,544,40,15,0,24,70,1,0,8,0,115,0,1875
23,7,422,27,14,0,12,39,1,0,8,2,73,0,1596
18,9,172,29,15,0,13,75,2,0,6,1,58,0,1312
136,6,1192,29,12,0,12,93,2,0,5,0,570,0,5123
32,7,370,46,17,0,20,31,1,0,2,4,221,0,2565
16,10,165,54,20,0,15,108,1,0,7,2,91,1,2873
17,8,142,91,15,0,10,177,1,0,1,1,186,0,2863
24,8,430,66,18,0,23,78,1,0,13,5,193,0,3732
45,7,559,74,18,0,25,111,2,2,15,0,435,0,5531
23,6,147,19,12,0,8,52,2,0,1,1,52,0,754
25,7,816,55,16,0,23,77,1,0,14,1,163,0,3232
98,6,731,12,8,0,5,43,0,0,0,0,168,0,1329
21,6,153,21,12,0,10,65,2,0,2,1,55,0,830
25,8,142,55,16,0,12,113,1,0,2,2,179,0,2383
16,12,144,52,17,0,8,84,1,0,11,8,132,2,3492
11,7,49,30,14,0,14,33,1,0,10,1,59,0,1660
27,6,253,98,14,0,50,82,1,0,41,2,326,0,6405
16,8,143,31,15,0,14,63,1,0,3,3,51,0,1496
23,7,275,49,17,0,13,67,1,0,14,6,138,0,3189
33,10,2622,219,24,0,48,279,8,2,53,5,1031,1,39226
26,9,158,192,17,0,28,173,2,0,61,0,617,0,18515
49,5,777,23,13,0,17,46,1,0,0,1,148,0,1519
6,5,24,5,5,0,2,27,0,0,0,0,21,0,1143
78,7,936,64,17,0,18,92,1,0,5,1,757,0,6721
76,7,1407,47,15,0,24,109,1,0,12,0,505,0,4844
18,7,145,22,14,0,9,30,1,0,5,2,47,0,1241
74,6,380,25,13,0,8,93,2,4,0,1,258,0,2227
24,6,168,14,9,0,7,34,1,0,0,1,34,0,570
8,9,144,117,16,0,27,100,1,0,15,3,108,0,3972
47,6,981,25,14,0,12,45,1,0,3,4,166,0,1968
34,6,198,32,13,0,17,86,0,0,0,1,226,0,2095
33,10,224,32,14,0,4,105,1,1,5,0,124,0,1999
19,7,152,43,13,0,17,68,1,0,8,1,84,0,1874
36,8,597,176,19,0,46,244,2,7,42,1,806,0,19378
12,7,143,32,17,0,10,49,1,0,3,1,45,0,1007
87,7,1045,60,17,0,31,155,2,12,1,1,773,0,6018
41,8,1014,100,16,0,32,221,1,0,28,5,572,0,7641
43,6,848,62,13,0,33,117,2,0,15,6,474,0,5359
18,7,341,46,13,0,18,68,1,0,10,2,112,0,2171
8,14,195,174,23,0,26,117,3,0,31,33,172,12,9333
13,8,144,48,16,0,10,117,1,0,7,8,76,0,2364
17,11,321,81,17,0,33,92,1,0,18,6,158,4,4340
21,9,544,57,23,0,26,70,1,0,9,2,154,1,2716
27,7,279,15,12,0,5,67,1,0,2,1,46,0,764
25,8,323,95,18,0,25,136,1,14,29,1,294,0,5901
26,7,567,61,17,0,35,112,1,0,6,8,212,0,3338
79,6,419,21,14,0,12,45,1,0,1,0,208,0,2014
11,9,67,49,17,0,14,70,1,0,5,0,76,0,1990
80,7,402,27,12,0,18,92,1,1,1,1,287,0,2678
93,6,3893,48,13,0,41,145,1,0,0,1,650,0,6100
18,7,144,40,13,0,17,62,1,0,5,1,73,0,1558
19,8,711,63,17,0,19,65,1,0,19,1,199,0,8943
58,6,1162,39,15,0,19,92,2,5,2,1,322,0,2938
8,13,108,120,21,0,8,112,1,3,23,14,120,2,6358
19,7,287,26,14,0,11,43,1,0,8,2,60,0,1444
77,6,786,22,12,0,8,39,1,2,1,2,245,0,2227
18,8,144,38,14,0,11,59,1,0,3,1,78,0,1823
27,7,132,41,14,0,24,101,0,0,6,1,215,0,2755
17,7,223,32,13,0,14,62,1,0,3,1,62,0,1364
13,6,275,48,16,0,31,61,1,0,5,4,70,0,1692
61,6,573,40,15,0,20,97,2,5,2,1,337,0,3115
23,7,195,108,14,0,42,82,1,0,49,3,363,0,7094
26,9,1020,123,18,0,23,157,1,6,19,8,416,0,7090
22,7,540,54,16,0,27,49,1,0,17,0,153,0,2631
32,10,911,78,20,0,9,92,1,0,14,0,300,0,4994
12,6,95,25,11,0,16,14,0,0,6,1,34,0,1019
18,15,603,186,25,0,26,102,10,0,10,2,352,2,7807
20,7,309,60,15,0,27,108,2,0,22,3,134,0,3631
18,7,307,83,18,0,20,70,1,0,13,17,166,0,6052
31,25,142,70,14,0,12,151,1,0,15,1,261,0,4863
41,7,373,75,13,0,24,143,2,0,36,2,409,0,6649
9,20,134,84,23,0,13,58,2,0,12,5,78,2,3969
35,6,257,20,10,0,12,84,2,0,6,0,153,0,1403
14,7,145,19,14,0,10,30,0,0,1,2,39,0,772
19,11,747,112,20,0,24,93,2,0,29,1,268,0,5581
38,8,303,74,17,0,23,100,2,0,13,2,380,0,4792
27,7,566,68,16,0,38,125,1,0,6,8,230,0,3704
12,6,145,32,14,0,13,43,1,0,1,1,40,0,986
10,16,160,83,22,0,9,122,1,0,12,5,90,3,3981
16,7,173,29,16,0,10,64,2,1,5,1,57,0,1249
10,13,224,74,21,0,19,111,1,0,12,3,87,1,4339
14,17,639,318,22,0,49,246,2,0,43,4,544,6,12985
47,10,1623,45,13,0,12,93,2,0,9,1,285,0,3736
43,7,418,33,13,0,11,33,1,0,3,1,183,0,2084
9,10,179,78,17,0,21,75,2,0,24,16,66,0,5041
36,5,167,5,5,0,2,26,0,0,0,0,17,0,2657
29,7,665,80,17,0,35,105,2,0,17,1,427,0,4620
34,8,1148,52,23,0,19,88,1,0,10,3,211,1,3337
61,8,347,42,18,0,15,54,0,0,6,1,347,0,3799
29,8,161,50,17,0,17,86,1,0,15,2,203,0,3209
20,9,712,67,17,0,26,58,1,0,14,3,183,0,3339
46,7,651,50,14,0,18,103,1,0,14,1,278,0,3512
25,6,201,45,16,0,17,60,1,2,3,1,131,0,1936
92,7,713,47,14,0,19,182,2,0,4,1,631,0,5266
20,9,712,67,17,0,26,58,1,0,14,3,183,0,3369
29,7,559,32,15,0,15,63,1,0,7,7,106,0,2274
21,7,339,54,14,0,27,53,1,0,11,2,126,0,2610
18,7,481,58,16,1,30,77,1,0,6,8,153,0,2795
24,7,101,37,14,0,13,70,0,0,3,4,163,0,1911
17,7,705,72,15,0,33,74,1,0,16,1,139,0,4517
55,8,309,33,14,0,11,102,1,0,0,2,236,0,2367
23,6,622,42,15,0,21,71,1,1,13,8,136,0,3021
48,8,3008,143,17,0,53,166,2,0,29,1,872,0,24636
16,8,144,51,16,0,18,92,2,0,4,3,94,0,2508
14,8,144,70,22,0,11,97,1,1,19,1,104,0,3757
18,6,297,26,14,0,18,49,2,0,3,2,51,0,1051
15,10,163,58,20,0,15,149,1,0,10,1,95,1,2992
11,17,198,72,16,0,15,74,1,0,15,5,104,9,3617
19,6,222,37,13,0,14,76,2,0,5,3,70,0,1636
45,7,2105,76,15,0,49,90,3,0,35,3,491,0,6728
20,13,371,203,20,0,19,155,2,0,29,12,511,0,10330
114,7,534,30,9,0,9,85,0,0,0,0,512,0,3888
27,9,827,263,20,0,26,176,1,13,89,25,965,0,119547
52,7,781,44,15,0,16,71,1,0,16,1,299,0,4075
16,11,516,70,18,0,30,63,1,0,18,1,138,1,3558
22,6,102,41,15,0,22,81,0,0,3,1,184,0,2206
21,8,851,77,16,0,21,70,1,0,9,5,215,0,3575
40,7,1044,55,18,0,34,43,0,0,11,4,325,0,4865
39,9,738,49,15,0,24,98,2,0,8,1,242,0,3145
62,7,981,22,13,0,10,31,1,0,6,1,196,0,2070
74,7,682,18,12,0,8,47,0,0,2,1,179,0,1813
17,7,145,22,14,0,7,62,1,0,1,1,44,0,764
46,8,787,43,15,0,16,106,0,0,4,1,270,0,2868
14,8,184,46,15,0,17,102,1,0,16,1,79,0,2226
29,9,382,74,14,0,10,89,3,0,27,0,398,0,4926
18,7,195,38,16,0,13,78,1,1,7,1,84,0,1658
88,7,2047,30,16,0,15,102,1,0,1,2,375,0,3182
58,8,629,91,17,0,24,392,1,15,5,1,712,0,6904
16,8,143,33,15,0,14,63,1,0,4,3,56,0,1671
14,7,228,44,17,0,19,81,1,0,11,6,90,0,2361
13,7,165,57,17,0,22,97,2,4,12,4,107,0,3740
13,7,326,37,14,0,21,56,1,0,6,8,58,0,1967
14,10,184,259,17,0,34,49,1,0,104,0,394,0,13446
23,9,289,38,15,0,17,67,1,0,9,1,119,0,1916
17,10,532,77,16,0,11,72,0,0,21,4,162,0,4018
13,8,144,67,17,0,18,58,1,1,8,0,105,0,2410
9,8,146,66,16,0,15,54,1,0,11,11,73,0,3141
16,10,115,80,21,0,14,52,1,0,33,1,139,0,4560
27,6,150,35,14,0,19,87,0,0,2,2,235,0,2456
33,6,548,38,17,0,25,49,1,0,6,1,151,0,2185
23,8,238,60,15,0,13,92,2,0,22,1,156,0,3764
32,7,198,66,18,0,16,159,2,2,3,1,275,0,3167
30,6,365,25,12,0,15,31,0,0,11,1,110,0,1860
47,6,277,21,10,0,11,43,1,0,6,0,133,0,1593
114,5,835,15,12,0,7,41,1,0,0,1,220,0,1931
20,7,234,42,13,0,19,53,0,0,12,1,100,0,2228
14,8,476,65,14,0,36,76,1,0,8,1,92,0,2354
19,7,143,28,14,0,10,59,2,0,3,1,54,0,1282
19,6,145,19,11,0,7,62,1,0,0,1,42,0,631
25,9,623,84,19,0,43,84,1,0,17,1,244,0,5506
21,6,397,29,11,0,24,82,2,0,5,5,77,0,1593
9,18,172,153,20,0,31,63,0,0,50,3,154,13,8786
61,6,1211,25,12,0,16,91,1,0,7,1,206,0,2391
16,6,143,25,11,0,18,34,0,0,2,3,59,0,1122
55,8,712,113,14,0,36,358,1,0,7,8,828,0,8614
14,8,144,52,16,0,20,31,1,1,16,2,86,0,3056
9,6,144,51,12,0,19,52,1,5,9,2,58,0,1593
14,15,418,129,18,0,8,70,1,4,9,1,247,14,6427
17,7,246,42,15,0,28,75,1,0,7,0,76,0,1580
69,10,653,203,19,0,40,764,3,3,23,1,1677,0,18248
15,7,87,105,19,0,24,75,1,0,35,1,252,0,5785
38,6,510,24,14,0,17,46,1,0,1,1,107,0,1373
14,7,323,96,13,0,31,132,2,0,37,1,152,0,4530
21,7,699,82,17,0,34,85,2,1,15,0,209,0,3758
7,11,144,75,19,0,16,56,2,0,22,12,58,1,4867
11,12,229,97,25,0,20,81,1,4,19,2,138,4,6011
20,6,170,14,9,0,7,30,1,0,0,1,27,0,517
9,10,146,95,21,0,12,124,3,4,9,1,87,8,3150
37,8,222,122,18,0,24,186,1,1,29,4,628,0,18672
13,7,145,30,14,0,11,52,1,0,3,1,42,0,1140
27,7,224,52,16,0,19,117,1,0,7,1,172,0,2734
20,7,261,34,16,0,18,80,1,0,3,2,91,0,1535
37,9,196,104,21,0,19,226,2,0,14,2,479,0,6590
29,7,296,37,14,0,18,72,1,0,8,2,155,0,2470
79,7,1542,64,18,0,35,82,1,0,9,2,712,0,6541
24,7,307,41,12,0,15,34,0,6,8,2,128,0,2033
29,13,341,80,17,0,27,100,1,0,22,1,329,0,5420
108,6,927,15,11,0,9,43,0,0,2,1,237,0,2004
20,9,150,53,15,0,14,94,2,0,10,2,125,0,2471
10,8,77,93,24,0,27,71,1,0,14,2,106,1,5110
26,9,249,42,17,0,13,87,1,0,12,1,213,0,2527
49,8,1062,79,16,0,23,150,2,9,4,3,489,0,5902
81,6,906,32,14,0,23,114,1,0,1,1,332,0,3128
22,8,525,87,17,0,32,141,3,0,18,0,234,0,4241
36,5,249,8,8,3,4,18,0,0,1,0,34,0,445
36,7,300,70,14,0,18,85,1,0,21,8,296,0,5081
18,6,143,12,10,0,6,30,1,0,1,1,23,0,513
34,6,183,35,12,0,20,86,0,0,2,2,323,0,3130
18,6,143,12,10,0,6,30,1,0,1,1,23,0,506
18,6,143,12,10,0,6,30,1,0,1,1,23,0,507
39,9,2425,96,21,0,47,68,2,7,25,9,560,0,7258
17,8,582,92,21,0,38,102,2,0,11,12,203,4,6937
84,5,894,11,10,0,7,45,0,0,0,1,129,0,1251
11,8,144,42,15,0,9,61,1,0,11,8,57,0,2455
30,7,161,45,14,0,11,99,1,5,4,1,188,0,2178
25,9,208,134,19,0,19,158,2,1,38,3,406,0,11450
65,7,995,65,15,0,39,60,2,0,11,2,581,0,6125
31,10,847,63,24,0,13,90,0,0,7,6,271,2,4601
10,16,142,71,19,0,6,34,0,0,28,1,71,2,4113
12,7,143,39,16,0,19,62,2,0,9,0,51,0,1449
15,8,143,36,15,0,15,63,1,0,5,3,58,0,1795
60,7,666,42,13,0,21,93,1,0,16,1,374,0,4200
46,6,343,24,12,0,11,57,1,0,7,2,156,0,2072
120,6,636,10,7,0,5,31,0,0,0,0,184,0,1327
41,9,386,78,15,0,25,94,2,0,15,6,477,0,5777
49,7,494,34,14,0,9,100,1,7,4,1,238,0,2359
61,9,426,253,16,0,39,477,1,0,40,1,1953,0,22226
33,7,669,101,13,0,28,88,2,1,38,1,475,0,7589
17,7,206,31,16,0,10,42,2,0,6,1,54,0,1483
9,7,72,108,13,0,9,31,0,0,32,27,122,0,20518
127,6,697,13,8,0,6,43,0,0,0,0,241,0,1816
21,7,189,51,16,0,19,86,1,0,11,1,183,0,2715
13,9,146,53,16,0,12,85,2,0,6,4,82,0,1977
25,8,142,87,15,0,10,169,1,0,1,1,258,0,3342
17,8,213,61,16,0,29,61,3,0,17,6,119,0,3458
19,7,443,50,16,0,30,76,1,0,3,4,114,0,2040
14,8,144,37,15,0,15,64,1,0,5,3,55,0,1809
12,10,146,105,21,0,18,148,1,0,23,4,136,12,5417
16,6,142,59,14,0,17,72,1,0,17,2,122,0,6229
40,7,981,60,14,0,42,92,2,0,17,6,348,0,4504
13,8,151,89,14,0,10,67,1,0,23,1,110,0,4245
22,11,142,65,20,0,22,65,2,0,10,1,181,0,3560
9,6,156,48,15,0,20,47,1,1,14,10,50,0,2840
68,7,598,40,14,0,20,116,0,0,6,4,376,0,3997
26,16,638,148,25,0,16,111,2,0,26,3,470,4,32885
17,9,200,58,15,0,11,72,3,0,9,3,114,0,2508
32,6,168,15,9,0,8,38,1,0,0,1,49,0,719
50,6,729,31,12,0,13,72,1,0,13,1,209,0,2728
49,8,389,134,17,0,32,376,1,0,15,0,838,0,9174
26,10,375,101,21,0,42,128,1,0,11,3,382,0,5223
51,6,1106,38,15,0,18,98,2,5,2,1,261,0,2573
12,8,144,51,15,0,33,36,1,4,9,2,74,0,1972
43,10,776,65,19,0,19,120,1,0,17,2,409,2,4934
12,8,146,43,15,0,9,50,1,0,13,2,54,0,2059
68,7,690,91,12,0,19,397,1,0,0,1,800,0,7328
13,7,102,65,14,0,16,26,0,0,18,0,104,0,2825
27,7,468,27,15,0,15,37,1,0,1,1,101,0,1210
69,7,1127,61,16,0,18,80,1,0,22,1,602,0,6482
11,12,146,73,21,0,13,58,1,0,21,15,111,1,4411
15,6,208,41,14,0,19,42,2,0,10,1,78,0,1923
19,8,386,113,16,0,13,133,1,0,2,2,243,0,3769
37,7,351,31,17,0,18,50,0,0,5,1,145,0,1971
17,7,143,24,11,0,6,30,0,0,8,0,56,0,1190
17,6,82,14,9,0,7,31,1,0,0,1,36,0,638
27,7,135,65,16,0,17,119,1,0,21,2,253,0,5054
15,11,321,56,22,0,9,55,2,0,9,6,103,4,3144
26,7,382,45,15,0,9,87,1,0,15,0,149,0,3276
35,7,200,71,15,0,24,169,2,0,19,2,331,0,5105
67,8,1664,66,19,0,17,123,1,0,8,3,648,0,5985
13,8,229,83,19,0,21,97,1,0,16,2,120,0,3376
20,7,261,27,15,0,11,43,1,0,8,2,66,0,1502
64,6,768,25,12,0,16,60,1,0,4,1,201,0,2403
48,7,749,37,17,0,16,76,1,0,6,1,273,0,2712
15,10,162,97,24,0,25,69,1,0,13,1,221,6,4052
13,10,144,62,21,0,15,73,1,0,12,3,86,1,2682
21,9,732,110,25,0,26,99,1,2,19,11,309,2,6385
12,8,152,60,16,0,15,81,1,0,11,15,80,0,3483
80,5,841,24,14,0,20,68,2,0,1,1,264,0,2518
17,6,99,28,14,0,14,52,0,0,2,2,112,0,1600
36,7,692,80,16,0,37,138,1,0,28,7,392,0,6036
47,6,729,42,15,0,20,94,2,5,4,1,278,0,2802
25,10,358,164,23,0,24,111,2,5,43,2,488,4,9957
12,9,144,55,19,0,14,81,2,0,12,1,69,1,4209
22,6,149,25,13,0,10,65,3,0,3,1,65,0,1026
18,7,303,99,19,0,29,93,1,0,19,2,221,0,5009
16,7,145,28,14,0,7,62,1,0,4,1,50,0,1175
59,6,837,37,13,0,19,73,0,0,8,1,295,0,3121
33,6,178,35,13,0,15,33,0,0,6,4,132,0,2289
17,8,439,48,21,0,24,57,1,0,9,3,85,1,2240
36,7,179,100,18,0,37,141,1,0,1,2,444,0,5810
16,9,730,69,15,0,20,31,1,0,9,2,147,0,3236
77,6,1344,41,13,0,25,59,1,0,15,2,448,0,4919
15,7,181,88,14,0,28,72,2,0,27,1,155,0,4380
17,7,180,52,16,0,18,36,1,0,12,3,110,0,2644
27,5,260,23,13,0,17,45,1,0,0,1,74,0,1008
14,10,143,35,17,0,6,49,1,0,5,1,54,0,1454
24,10,440,86,22,0,24,71,1,1,25,1,255,1,5158
14,7,296,37,14,0,19,68,1,0,3,7,52,0,1718
18,10,384,98,18,0,17,97,1,0,25,13,226,0,7739
34,8,1346,156,17,0,34,266,2,16,39,3,682,0,29750
21,6,80,51,16,0,21,65,2,0,6,2,131,0,2279
24,8,579,37,16,0,17,35,1,0,6,1,103,0,1788
26,7,182,58,11,0,31,66,1,0,2,0,185,0,2681
11,7,146,49,16,0,19,64,2,0,9,1,60,0,1829
20,7,213,27,15,0,13,67,2,2,1,0,66,0,966
27,6,143,18,11,0,7,33,1,0,3,0,68,0,871
12,8,192,57,14,0,14,79,1,0,16,0,79,0,2278
36,5,255,9,9,0,4,34,0,0,1,1,49,0,577
17,8,144,42,15,0,14,64,1,0,9,3,77,0,2505
45,8,477,48,16,0,14,51,2,2,4,3,269,0,3720
27,7,162,50,19,0,15,117,1,1,1,1,204,0,2536
29,7,248,115,18,0,36,145,2,0,36,1,422,0,7382
22,6,143,12,10,0,6,30,1,0,1,1,27,0,555
13,7,145,35,14,0,19,62,1,0,1,1,55,0,939
36,10,362,153,22,0,72,295,1,0,51,3,714,1,10958
32,8,386,147,18,0,33,166,1,11,19,8,594,0,10057
13,8,202,109,22,0,30,98,1,0,31,4,139,1,4936
29,8,353,97,15,0,26,105,2,1,54,0,409,0,38679
68,8,660,58,16,0,24,89,2,5,4,3,554,0,5642
59,7,359,86,16,0,37,314,2,0,19,1,706,0,8237
38,9,652,54,14,0,19,113,1,0,6,1,277,0,3284
50,8,293,37,14,0,10,132,2,0,8,0,259,0,4741
13,8,143,30,14,0,8,53,1,3,6,1,36,0,1100
21,6,348,45,14,0,34,99,3,0,5,0,104,0,1797
16,8,143,35,15,0,14,63,1,0,4,3,58,0,1718
27,8,1219,103,20,0,13,107,1,0,22,1,384,0,6710
71,8,444,208,14,0,51,447,0,0,21,2,1947,0,19151
13,8,202,109,22,0,30,98,1,0,31,4,139,1,5006
66,7,1492,39,15,0,13,93,1,0,9,1,334,0,3826
27,9,319,203,29,0,40,92,1,0,65,3,706,3,12527
28,7,279,15,12,0,5,67,1,0,2,1,46,0,777
19,8,141,19,13,0,8,29,1,0,2,0,44,0,935
34,5,411,23,13,0,17,45,1,0,0,1,101,0,1171
9,12,78,46,20,0,10,44,2,0,12,1,41,2,2324
63,8,976,42,16,0,17,46,2,1,4,3,347,0,4159
9,9,295,69,16,0,16,91,1,0,19,0,94,0,2840
50,6,596,64,14,0,33,139,2,0,10,1,425,0,4417
28,7,279,15,12,0,5,67,1,0,2,1,46,0,806
62,8,670,61,15,0,11,88,1,8,19,1,517,0,6194
24,10,303,93,19,0,32,122,4,0,22,0,258,0,4852
24,14,503,88,20,0,11,112,1,7,9,2,299,2,4041
25,6,159,22,12,0,10,65,2,0,3,1,67,0,1031
40,10,1986,156,25,0,43,217,2,0,33,7,876,1,10732
22,7,169,18,10,0,9,37,1,0,1,1,40,0,738
20,7,183,52,19,0,16,53,2,0,14,3,143,0,2900
19,16,219,120,21,0,37,147,1,0,29,1,272,0,7033
19,7,145,22,14,0,7,62,1,0,1,1,51,0,811
39,7,499,100,18,0,35,205,1,0,14,1,491,0,5852
39,10,638,133,21,0,17,58,1,5,30,1,843,0,9338
25,8,646,51,14,0,17,81,1,0,11,2,159,0,2809
38,8,337,34,13,0,6,32,0,0,8,7,156,0,3102
73,6,703,27,12,0,16,89,2,0,5,0,255,0,2789
15,8,190,130,16,0,44,99,2,0,30,25,243,0,7460
16,7,310,49,16,0,25,54,1,0,10,1,88,0,2042
23,7,300,24,14,0,12,33,1,3,3,1,62,0,1051
13,10,199,77,17,0,23,102,1,0,10,20,115,1,4478
28,10,609,62,24,0,13,95,0,0,7,6,237,2,4414
20,8,144,41,15,0,14,64,1,0,8,3,82,0,2460
29,8,320,68,15,0,17,42,2,0,26,9,289,0,5063
16,7,124,85,14,0,26,98,1,0,34,1,170,0,16579
52,7,469,36,18,0,13,88,1,0,8,3,257,0,3140
14,9,195,63,17,0,13,61,2,0,9,7,104,0,3095
12,7,411,111,13,0,20,35,1,0,30,1,184,0,21363
16,7,168,64,13,0,18,61,1,0,17,1,119,0,2913
22,7,370,27,14,0,12,43,1,0,8,2,66,0,1550
27,7,688,38,16,0,15,77,1,0,4,1,209,0,3043
20,10,292,59,20,0,18,121,1,0,12,3,143,1,3322
14,7,143,39,13,0,11,59,1,0,8,0,53,0,1534
14,8,143,35,15,0,15,63,1,0,4,3,52,0,1601
30,6,200,31,11,0,20,74,0,0,0,1,239,0,2288
4,14,144,134,17,0,10,75,2,0,12,13,62,18,4857
28,7,380,69,17,0,28,136,2,0,3,2,260,0,3750
15,9,146,40,14,0,9,63,1,0,8,1,57,0,2330
6,6,32,17,11,0,7,39,0,0,1,2,42,0,748
14,9,144,84,16,0,16,39,1,0,26,10,129,0,5081
24,6,165,14,9,0,7,34,1,0,0,1,35,0,566
15,8,143,35,15,0,15,63,1,0,5,3,54,0,1726
107,6,547,28,12,0,15,127,0,0,2,4,406,0,3776
23,8,295,45,13,0,13,71,1,0,11,8,137,0,3078
18,7,366,59,16,0,25,108,1,0,6,8,132,0,2843
9,7,146,64,15,0,17,51,1,0,9,14,60,0,3634
10,10,142,87,21,0,36,78,2,0,21,13,111,1,15096
10,7,105,49,16,0,19,63,1,0,9,3,51,0,1712
76,7,964,41,18,0,15,57,1,0,5,2,424,0,4072
64,7,373,30,14,1,11,110,1,0,1,1,250,0,2500
18,9,309,65,18,0,21,61,1,0,22,10,143,0,4562
12,10,146,54,19,0,12,66,1,0,11,3,69,1,2551
10,7,363,91,16,0,73,65,1,0,24,3,95,0,3883
12,10,352,128,19,0,31,176,1,0,44,11,190,5,7671
31,8,422,175,17,0,44,198,5,0,41,2,656,0,26265
28,6,612,31,14,0,18,51,1,1,10,5,118,0,2424
10,8,124,115,17,0,53,96,1,0,9,22,183,0,5757
168,6,670,11,7,0,6,61,0,0,0,0,274,0,1997
167,6,2152,93,16,0,57,535,1,0,4,1,1977,0,17108
13,7,178,29,12,0,18,58,1,0,5,0,43,0,962
26,8,477,109,22,0,40,204,1,0,6,22,467,1,9285
10,7,143,200,16,0,49,36,2,0,74,1,210,0,9205
28,6,1096,84,16,0,41,103,1,1,27,5,339,0,5571
18,7,288,48,15,0,19,37,2,0,13,5,104,0,3178
14,9,206,136,24,0,32,116,1,0,33,1,207,0,6599
12,8,144,84,16,0,15,91,1,0,18,23,109,0,4916
239,6,901,12,7,0,7,63,0,0,0,0,438,0,3023
21,7,144,40,16,0,12,67,3,0,7,0,103,0,1895
65,6,1082,63,15,0,42,149,0,0,3,0,515,0,5374
19,9,96,50,18,0,14,87,1,0,7,0,164,0,3182
63,7,581,91,18,0,32,98,1,0,26,2,751,0,8986
16,6,83,22,10,0,12,42,1,0,2,0,58,0,877
40,7,377,72,16,0,35,128,2,1,9,4,383,0,4798
41,7,491,66,18,0,28,68,1,0,12,1,362,0,4684
15,7,146,76,16,0,24,108,0,15,23,4,132,0,3868
27,7,793,66,17,0,32,101,2,0,18,1,219,0,3641
35,9,416,95,16,0,33,207,1,0,6,8,441,0,5577
20,8,522,99,17,0,37,101,1,0,30,1,244,0,4878
64,6,862,21,10,0,15,53,1,0,3,1,193,0,1888
34,7,989,43,15,0,15,90,1,0,6,1,189,0,2361
13,11,611,169,24,0,13,105,2,0,41,10,245,7,8869
24,8,612,76,24,0,21,108,3,4,14,0,240,0,4019
13,8,198,114,22,0,43,113,3,0,16,5,182,0,4750
48,8,1191,128,16,0,40,119,2,0,64,3,839,0,37371
35,7,424,79,17,0,23,166,2,2,16,0,364,0,5436
28,7,391,167,17,0,61,86,2,1,52,5,662,0,11075
27,10,652,85,17,0,15,93,1,0,18,14,317,5,6927
40,6,576,25,14,0,18,50,1,0,1,1,129,0,1460
55,8,1254,102,18,0,17,197,1,9,10,9,747,0,8398
13,10,224,101,25,0,20,84,8,3,21,10,156,1,6500
14,6,143,20,11,0,12,30,0,0,4,1,30,0,845
15,10,234,125,19,0,16,128,3,3,30,12,243,0,7257
30,9,863,94,16,0,27,39,1,3,24,14,362,0,19666
23,8,526,51,17,0,15,57,2,0,11,1,135,0,2649
7,8,144,68,17,0,21,66,1,0,8,12,51,0,2998
35,5,144,5,5,0,2,31,0,0,0,0,23,0,3578
29,9,1046,51,24,0,25,63,1,0,9,2,187,1,2898
25,8,176,50,15,0,21,83,2,3,19,1,174,0,2913
15,7,284,29,17,0,21,43,1,0,2,1,59,0,1144
53,5,264,17,12,0,12,56,1,0,2,1,123,0,1316
17,8,144,81,16,0,11,114,1,0,2,2,157,0,2636
24,9,272,112,17,0,22,41,1,0,27,19,319,0,8161
12,7,307,44,14,0,19,71,1,0,4,10,55,0,2160
16,7,145,28,14,0,7,62,1,0,4,1,49,0,1144
33,7,784,55,16,0,33,70,1,1,8,1,235,0,3014
19,9,94,46,11,0,15,72,1,0,12,1,129,0,2636
8,7,245,99,17,0,26,62,2,0,22,15,88,0,4959
24,7,144,34,15,0,11,63,2,1,5,1,90,0,1753
12,10,87,89,22,0,17,50,1,0,8,12,221,6,4499
48,7,1529,122,16,0,47,280,13,16,17,20,762,0,10414
37,7,556,43,12,0,13,58,0,6,8,1,255,0,2646
17,6,112,29,14,0,17,43,0,0,2,2,118,0,1682
36,5,455,23,13,0,17,45,1,0,0,1,99,0,1212
41,7,319,80,16,0,24,158,1,0,16,1,403,0,5481
28,6,151,26,13,0,10,77,2,0,4,2,90,0,1394
85,6,854,81,14,0,41,365,1,0,4,1,948,0,8369
26,6,169,14,9,0,7,34,1,0,0,1,36,0,608
21,9,288,81,14,0,14,110,0,0,10,0,209,0,3424
27,9,663,51,23,0,21,54,2,0,4,4,171,2,3087
21,6,172,24,12,0,9,65,2,0,4,1,62,0,1108
12,8,146,96,17,0,17,105,1,0,27,13,127,0,4977
34,6,156,26,13,0,13,31,0,0,2,1,112,0,1419
27,7,542,36,14,0,16,72,1,0,8,2,130,0,2150
24,8,154,151,19,0,55,111,2,0,34,3,458,0,8058
78,6,1084,40,15,0,20,92,2,5,2,1,427,0,3777
27,9,567,41,14,0,9,51,0,0,8,1,141,0,2422
30,7,1410,80,18,0,35,119,1,0,17,1,300,0,4770
19,10,578,215,17,0,17,105,1,0,52,51,553,0,17154
60,6,1160,27,13,0,18,65,1,0,4,2,219,0,2428
16,11,176,90,21,0,12,128,1,0,16,1,166,8,4235
7,9,146,69,18,0,10,66,1,0,13,12,52,1,3111
28,8,512,50,20,0,15,105,1,1,11,1,184,0,2818
31,7,550,42,12,0,33,97,2,0,25,5,226,0,3565
57,8,989,64,15,0,18,135,0,0,15,4,537,0,9376
94,6,1303,35,10,0,22,190,1,0,0,0,430,0,3768
16,7,212,26,15,0,6,62,1,0,6,0,48,0,1283
22,8,534,82,16,0,27,127,1,0,20,1,199,0,4222
28,8,555,90,16,0,30,101,1,0,28,0,321,0,5399
11,9,194,97,18,0,15,81,2,0,17,22,122,0,5456
57,8,483,95,15,0,24,187,1,0,2,4,739,0,6851
20,10,293,69,22,0,10,46,2,0,13,2,182,2,3696
59,9,929,159,19,0,18,317,1,31,11,9,1247,0,13305
38,8,673,90,17,0,13,57,0,0,19,17,528,0,7735
791,5,5451,7,7,0,3,261,3,0,0,0,441,0,7317
16,7,145,27,15,0,10,70,1,0,2,1,51,0,955
10,10,144,92,18,0,15,68,1,0,37,5,85,0,5517
16,10,361,62,20,0,22,85,2,0,18,1,111,1,3235
15,6,96,18,13,0,8,12,0,0,2,2,38,0,997
151,6,1275,28,13,0,22,137,1,0,1,1,874,0,4738
28,8,538,113,18,0,32,109,1,1,38,3,454,0,6972
4,6,35,37,13,0,28,53,2,0,5,4,51,0,1614
16,7,221,60,15,0,24,80,1,0,16,10,156,0,3632
11,7,144,50,15,0,15,76,2,0,8,11,77,0,2263
10,8,150,67,17,0,34,84,1,0,11,9,75,0,2863
43,9,804,51,18,0,24,78,1,0,9,3,299,0,3861
12,7,366,76,17,0,37,93,1,0,20,2,111,0,3175
59,8,562,64,18,0,21,153,3,7,4,4,601,0,7487
21,8,303,50,17,0,22,97,1,0,8,0,125,0,2202
81,6,435,35,12,0,23,102,0,0,0,1,397,0,3389
20,6,190,32,13,0,17,46,1,0,6,1,67,0,1486
22,8,582,74,22,0,13,77,1,0,4,4,204,0,3358
36,5,250,8,8,3,4,18,0,0,1,0,34,0,447
58,7,713,121,14,0,34,216,2,0,52,1,1037,0,11996
19,7,146,27,15,0,12,32,0,0,3,2,60,0,1302
12,7,228,81,17,0,28,78,1,0,25,7,109,0,4207
48,7,394,82,16,0,14,189,3,0,16,1,495,0,6122
14,7,147,42,14,0,12,75,1,0,9,11,91,0,2668
24,8,186,94,20,0,15,162,1,0,13,2,296,0,4699
35,5,146,5,5,0,2,31,0,0,0,0,22,0,5013
13,8,143,26,17,0,6,43,1,0,4,1,36,0,1033
44,7,490,76,16,0,17,98,1,2,17,5,487,0,5678
907,7,12362,14,9,0,6,475,1,0,1,0,1694,0,12984
25,5,221,23,13,0,17,45,1,0,0,1,62,0,969
13,8,304,73,18,0,25,59,2,0,14,9,108,0,3805
19,8,244,75,18,0,17,102,2,0,13,1,175,0,3520
16,9,375,95,20,0,34,98,2,0,28,1,192,1,4520
37,9,570,49,15,0,20,90,2,0,11,1,251,0,3286
14,8,143,31,15,0,14,63,1,0,3,3,47,0,1434
28,8,347,91,15,0,28,109,1,0,29,2,298,0,5659
35,5,913,29,10,0,24,79,1,0,8,2,143,0,1883
37,7,619,24,15,0,10,70,1,0,6,2,113,0,1645
18,9,441,91,18,0,15,81,1,0,38,2,249,0,5828
17,10,542,81,21,0,23,83,2,0,16,3,168,6,4096
14,8,144,51,19,0,20,71,2,2,10,3,80,0,2407
16,10,238,112,21,0,22,69,1,0,22,4,225,0,5367
16,7,144,48,14,0,27,59,1,0,14,2,97,0,2399
33,10,1243,86,20,0,31,129,1,0,21,1,392,7,5655
19,7,100,71,12,0,19,62,1,2,26,0,424,0,9836
26,11,682,72,15,0,21,80,1,0,19,7,250,0,4745
56,9,992,127,17,0,29,148,1,0,37,1,1112,0,21290
15,7,146,37,15,0,12,63,1,0,8,2,52,0,1668
58,5,979,20,12,0,16,14,0,0,1,1,151,0,2693
18,14,347,202,16,0,16,184,2,0,45,15,488,0,10674
34,7,578,77,16,0,43,203,1,0,6,8,375,0,4608
4,13,76,103,21,0,7,35,0,3,16,1,51,5,3819
43,7,1480,58,16,0,39,189,2,0,5,1,310,0,3585
84,8,779,37,12,0,14,112,0,0,5,4,453,0,4204
14,9,194,97,18,0,34,93,1,0,20,14,151,1,5082
15,7,144,62,16,0,18,69,1,0,20,0,101,0,3047
16,9,587,83,20,0,25,47,2,0,20,5,178,0,9721
7,8,80,61,17,0,12,28,1,0,8,12,45,0,2710
61,6,811,21,10,0,13,164,1,0,6,1,402,0,2027
28,6,315,30,14,0,15,70,1,0,7,1,127,0,3938
17,7,169,98,18,0,23,110,3,0,20,6,275,0,8928
17,7,92,47,16,0,13,71,1,0,11,1,124,0,2515
35,7,357,62,16,0,23,147,2,0,15,1,275,0,4011
24,6,154,24,12,0,10,65,2,0,5,1,65,0,1219
65,10,857,56,21,0,15,112,1,2,2,1,482,1,4660
34,7,678,50,14,0,20,73,1,1,15,0,207,0,3269
18,7,546,50,15,0,9,31,0,0,9,9,136,0,2833
52,6,1650,34,11,0,28,76,1,0,4,1,267,0,2497
21,9,794,125,22,0,38,118,7,10,42,2,301,2,7055
28,6,144,6,6,0,2,31,0,0,0,0,23,0,4100
32,5,347,23,13,0,17,45,1,0,0,1,87,0,1117
69,8,1154,81,19,0,40,105,18,0,13,1,783,0,7447
34,7,295,15,12,0,5,67,1,0,2,1,61,0,881
28,6,213,51,17,0,22,91,2,0,6,3,182,0,2988
64,6,601,21,10,0,9,128,1,0,3,0,254,0,1846
14,12,144,60,21,0,20,73,0,0,11,3,93,1,2772
30,11,332,87,20,0,40,105,1,0,13,1,363,1,4844
15,8,144,42,15,0,11,64,1,0,7,4,66,0,2260
13,8,173,47,16,0,20,67,2,0,15,0,68,0,2136
15,7,144,50,17,0,20,66,2,0,11,1,99,0,2179
11,9,155,56,14,0,9,81,1,0,13,0,86,0,5593
12,7,143,29,14,0,13,38,0,0,7,1,41,0,1409
28,7,310,51,13,0,21,65,1,0,9,2,185,0,2663
11,8,37,20,13,0,8,36,1,0,5,0,45,0,989
8,9,144,66,23,0,17,67,1,5,8,2,76,2,2183
36,8,326,60,15,0,14,143,1,0,6,1,278,0,3187
23,6,168,20,11,0,14,36,0,0,0,1,65,0,799
63,6,283,33,10,0,25,140,0,0,0,0,398,0,3425
29,10,484,61,24,0,13,76,0,0,7,6,232,2,4396
73,7,1300,26,14,0,9,66,1,0,5,1,247,0,2570
45,6,712,31,13,0,21,103,1,0,7,1,184,0,2395
59,7,249,67,14,0,19,247,1,0,2,1,566,0,5279
180,6,1365,45,15,0,26,317,1,0,1,1,1117,0,8875
15,6,73,25,12,0,12,36,0,0,2,2,134,0,1704
18,8,482,59,16,0,17,45,1,0,16,4,131,0,3453
34,7,304,48,16,0,25,94,1,1,15,1,235,0,3253
16,7,162,32,15,0,8,48,1,4,0,0,61,0,1003
31,8,308,35,13,0,15,68,1,0,8,1,147,0,2100
12,7,218,54,16,0,16,65,1,0,7,6,72,0,2366
24,13,298,99,17,0,8,90,1,2,20,1,346,12,15236
30,6,178,24,13,0,12,33,0,0,4,2,88,0,1449
14,10,151,77,19,0,22,72,1,0,20,1,120,6,3410
66,8,886,52,15,0,10,78,2,1,16,1,517,0,5188
55,6,1810,39,13,0,23,92,1,0,4,1,307,0,2926
28,7,279,15,12,0,5,60,1,0,2,1,46,0,798
17,6,245,23,14,0,15,53,2,0,3,2,48,0,954
42,7,676,35,14,0,15,75,1,0,6,1,182,0,2281
15,6,66,31,13,0,18,48,0,0,2,2,141,0,1823
59,7,1246,121,16,0,46,166,2,0,41,1,950,0,11687
35,7,496,69,14,0,15,51,1,0,22,1,333,0,4784
25,6,181,72,13,0,36,182,1,0,18,0,446,0,5347
31,9,886,89,14,0,17,105,2,8,14,14,392,0,5877
13,8,151,40,13,0,12,55,1,0,8,0,58,0,1559
4,12,144,145,18,0,10,144,1,0,8,1,71,12,3902
27,8,144,28,17,0,11,44,1,0,2,1,90,0,1520
34,6,449,26,12,0,12,48,1,0,5,1,108,0,1581
13,9,166,109,15,0,19,78,1,0,27,0,168,0,4543
52,7,673,91,19,0,27,102,1,0,12,4,645,0,6929
15,7,144,46,16,0,18,99,1,0,3,2,70,0,2133
19,9,203,108,15,0,25,104,1,0,31,0,240,0,9947
12,7,143,39,16,0,19,61,2,0,9,0,50,0,1453
12,8,758,133,22,0,75,64,1,8,19,16,228,0,7739
56,6,694,23,14,0,11,33,1,1,1,2,189,0,1842
13,9,164,112,17,0,17,59,1,0,8,1,157,0,4285
32,9,756,65,14,0,18,98,1,0,17,0,260,0,3974
22,8,533,82,16,0,27,127,1,0,20,1,199,0,4221
17,10,163,66,20,0,15,158,1,0,12,2,124,1,3546
20,7,126,79,17,0,26,116,1,0,30,1,260,0,7360
27,8,142,65,14,0,8,134,1,0,1,0,223,0,2577
21,7,168,69,16,0,28,84,6,0,18,5,152,0,3985
9,14,150,94,24,0,9,74,1,0,17,1,83,3,4195
21,13,497,102,24,0,18,56,2,0,22,3,294,4,20387
112,7,492,18,13,0,10,54,0,0,0,1,266,0,2353
31,10,243,212,21,0,36,283,1,28,29,25,959,0,13659
53,7,749,54,13,0,12,82,2,0,27,3,387,0,5443
49,10,540,35,13,0,8,89,3,0,9,4,246,0,3195
17,7,142,53,18,0,12,81,1,0,12,1,104,0,2648
36,8,533,19,14,0,8,30,1,0,1,3,91,0,1280
26,9,961,82,17,0,34,88,1,1,31,4,262,0,5612
54,5,699,21,14,0,17,73,1,0,1,1,143,0,1591
17,6,151,58,16,0,18,70,1,0,7,1,105,0,2438
86,7,1198,47,17,0,25,119,1,0,8,3,521,0,5304
31,6,843,62,15,0,24,106,1,5,11,11,254,0,4293
29,7,277,15,12,0,5,65,1,0,2,1,48,0,799
16,6,315,40,13,0,20,48,1,0,7,9,77,0,2334
21,7,294,30,17,0,19,62,2,0,1,2,68,0,1183
18,7,343,69,14,0,24,46,2,0,22,1,151,0,3693
125,6,1113,50,12,0,21,195,0,0,5,4,869,0,7641
16,7,162,44,13,0,14,66,1,0,14,1,76,0,2206
66,7,726,35,12,0,15,74,2,0,7,4,303,0,3460
44,9,638,123,13,0,26,44,2,8,39,2,763,0,9500
31,10,214,79,18,0,17,110,1,4,8,1,496,0,5309
16,7,119,48,14,0,22,69,1,0,17,1,147,0,2764
20,9,469,68,14,0,15,63,1,0,16,1,162,0,3349
16,7,372,62,16,0,42,114,2,0,12,1,113,0,2462
11,11,166,72,20,0,9,83,1,0,6,1,95,7,5528
28,5,143,10,8,0,6,30,1,0,0,0,28,0,416
10,6,106,24,11,0,14,28,0,0,6,1,42,0,1175
66,7,952,35,14,0,23,116,2,0,19,1,283,0,3899
25,20,396,109,21,0,29,87,1,6,23,3,522,5,7684
34,7,162,26,10,0,7,50,1,0,12,0,118,0,1974
21,8,234,109,16,0,14,157,1,0,2,2,279,0,3938
16,8,144,36,15,0,16,64,1,0,5,3,59,0,1763
7,15,155,82,25,0,12,60,1,0,15,1,102,5,3901
14,8,148,40,14,0,13,64,1,0,7,0,68,0,2958
40,7,2352,89,17,0,44,224,1,0,12,2,478,0,5707
5,20,144,112,21,0,8,72,1,4,14,14,57,6,6473
36,6,447,30,13,0,21,69,1,0,6,0,133,0,1892
20,6,188,22,12,0,8,62,1,0,2,0,69,0,948
42,5,1075,37,12,0,29,98,1,0,15,7,219,0,3376
25,7,340,43,12,0,18,91,2,0,6,0,151,0,1924
46,9,262,24,14,0,7,84,1,0,2,1,149,0,1933
25,11,860,63,22,0,15,55,2,0,14,6,208,4,4389
17,9,241,66,17,0,17,43,1,1,20,0,136,0,3441
116,9,748,39,13,0,18,162,1,0,2,3,609,0,5435
36,5,472,23,13,0,17,45,1,0,0,1,96,0,1223
15,8,165,73,20,0,27,128,3,0,11,0,113,0,3016
21,11,572,81,17,0,22,44,2,0,7,0,502,13,4372
42,7,537,35,13,0,13,90,2,0,7,0,193,0,2233
13,8,221,79,18,0,33,84,1,0,18,15,130,0,4335
27,7,168,42,14,0,20,84,0,0,6,1,188,0,2543
12,10,450,79,19,0,21,65,1,0,9,12,130,0,3265
90,5,681,10,9,0,6,43,1,0,0,1,121,0,1095
24,7,689,62,19,0,27,86,1,1,16,1,205,0,3337
15,11,266,95,21,0,15,62,1,0,26,5,185,8,5117
17,7,437,40,16,0,20,63,2,0,5,1,85,0,1573
22,13,666,111,25,0,18,74,2,0,24,3,296,4,28892
12,8,154,50,14,0,11,57,1,0,12,1,73,0,2130
11,7,181,38,17,0,13,30,1,0,2,4,55,0,1408
20,6,198,47,13,0,28,31,1,0,13,1,165,0,5256
13,12,140,85,21,0,18,86,2,0,15,13,119,2,5445
8,7,51,46,15,0,25,72,1,0,11,0,70,0,1927
25,9,562,51,18,0,9,65,1,2,2,2,161,0,2801
18,9,310,125,22,0,41,118,2,0,24,12,282,0,6595
11,8,242,79,18,0,43,84,1,0,14,10,94,0,4082
41,7,1179,47,15,0,15,110,1,0,9,0,260,0,3822
21,7,212,37,13,0,15,65,1,0,6,1,83,0,1674
33,5,403,23,13,0,17,45,1,0,0,1,92,0,1157
77,8,980,108,16,0,25,243,2,18,4,3,1051,0,10686
28,7,273,109,15,0,41,195,2,20,20,2,383,0,5709
41,6,405,17,12,0,7,35,1,0,2,1,102,0,1096
15,8,143,34,15,0,15,63,1,0,4,3,56,0,1667
30,9,223,111,22,0,20,254,1,18,17,1,411,0,6445
13,8,260,33,16,0,9,68,1,0,2,1,118,0,1191
16,6,334,56,13,0,18,43,0,0,6,9,145,0,3399
38,5,508,23,13,0,17,45,1,0,0,1,105,0,1255
16,8,166,72,16,0,27,74,1,0,14,4,125,0,3244
25,7,636,37,17,0,12,31,1,0,2,4,125,0,1893
43,6,741,35,14,0,15,85,1,5,2,1,198,0,2156
9,8,185,64,14,0,14,59,1,0,19,2,97,0,3015
20,7,320,26,14,0,11,43,1,0,8,2,62,0,1477
32,7,531,62,15,0,24,67,0,0,31,1,277,0,5114
31,6,218,46,14,0,20,103,0,0,3,4,268,0,2699
20,6,291,45,11,0,11,46,1,0,9,7,99,0,2600
22,7,157,25,14,0,8,32,1,0,9,1,70,0,1471
891,5,5193,6,6,0,2,217,2,0,0,0,302,0,6689
31,9,815,87,20,0,38,126,1,0,22,1,340,0,5889
29,10,743,106,23,0,31,137,1,0,24,1,452,4,6853
20,6,155,28,12,0,10,65,2,0,6,1,64,0,1281
24,8,316,35,15,0,14,46,2,0,3,2,119,0,2022
63,8,2609,175,20,0,83,357,2,0,40,8,1641,0,16778
11,10,144,42,17,0,16,81,1,0,7,0,55,1,1566
86,7,1720,247,20,0,68,704,3,1,22,2,2625,0,26412
60,9,668,40,12,0,11,79,0,2,12,0,342,0,4266
29,7,279,15,12,0,5,60,1,0,2,1,48,0,806
13,7,146,40,14,0,9,63,1,0,10,2,54,0,1892
26,7,160,28,12,0,9,30,0,0,9,2,111,0,1733
28,7,708,62,15,0,22,96,2,0,4,1,208,0,2693
21,7,176,40,16,0,15,73,2,0,8,1,121,0,1976
50,7,824,150,13,0,107,404,2,0,30,6,938,0,11780
17,11,232,65,17,0,17,56,0,1,17,2,141,0,3526
11,9,146,121,18,0,19,94,2,2,55,1,153,0,7107
19,6,392,38,12,0,19,46,1,0,7,8,81,0,2335
7,10,146,59,17,0,13,44,1,0,6,9,46,0,2410
52,8,1029,114,18,0,21,187,0,0,26,2,790,0,9193
13,8,146,55,16,0,11,46,1,0,12,3,86,0,2431
63,7,1023,69,19,0,15,98,1,1,20,1,614,0,6788
93,8,1282,156,16,0,44,152,1,13,33,0,1826,0,21995
66,11,833,30,16,0,8,58,0,0,1,1,278,1,2611
11,8,164,50,17,0,21,66,2,0,11,1,58,0,2262
17,8,172,48,16,0,23,77,1,0,18,4,108,0,12659
10,15,146,130,19,0,10,111,4,0,23,2,158,15,6125
16,9,383,45,21,0,21,55,1,0,9,2,86,1,2035
28,7,512,55,17,0,33,113,1,0,6,8,233,0,3228
57,7,675,69,18,0,30,106,2,0,14,0,587,0,5724
25,7,397,56,13,0,23,88,1,0,18,1,197,0,3307
16,9,342,126,23,0,24,108,1,0,43,1,245,0,36198
13,11,297,88,16,0,21,86,4,0,12,2,110,0,3147
39,8,622,38,15,0,20,96,1,6,4,1,189,0,2390
16,7,144,34,11,0,16,60,1,0,9,2,68,0,1756
18,7,251,18,12,0,11,29,2,0,2,0,33,0,710
19,7,305,39,14,0,21,49,1,0,8,4,112,0,2060
10,11,224,49,20,0,11,89,1,0,8,2,57,2,3708
19,8,142,113,15,0,11,176,1,0,1,1,255,0,3677
20,7,193,27,15,0,14,27,1,0,2,1,65,0,1065
18,6,199,27,13,0,13,69,2,0,2,1,61,0,948
39,8,202,36,14,0,20,146,1,0,3,1,246,0,2188
22,6,136,35,13,0,23,104,0,0,2,2,304,0,3146
18,7,442,51,17,0,30,43,0,0,11,4,113,0,3531
7,10,32,53,22,0,13,71,2,0,10,1,44,5,2568
29,7,947,184,18,0,58,205,1,0,60,24,761,0,12818
37,7,597,25,11,0,5,76,1,0,7,1,126,0,1718
17,7,216,47,21,0,12,112,1,0,5,2,123,0,2075
208,6,1281,17,8,0,8,142,0,0,4,0,515,0,4144
23,8,135,171,15,0,32,204,1,0,57,1,643,0,10624
31,8,185,42,15,0,14,129,1,0,0,1,198,0,1958
18,8,389,89,16,0,25,81,1,0,25,1,190,0,4421
12,6,160,39,11,0,11,69,2,0,5,10,49,0,2121
12,13,256,67,22,0,24,80,2,0,5,8,101,2,2789
21,7,205,55,15,0,29,82,1,3,10,6,134,0,2998
22,20,1133,107,22,0,9,86,2,0,16,6,320,11,7045
114,7,987,24,13,0,10,87,0,0,0,1,384,0,3159
38,7,351,106,12,0,20,163,2,0,48,2,561,0,8539
26,7,690,80,15,0,35,117,1,0,17,0,277,0,4512
32,6,414,35,16,0,24,85,2,1,4,1,160,0,1957
23,9,261,288,41,0,29,279,1,14,117,31,812,0,22543
28,6,155,25,13,0,9,65,2,1,5,1,94,0,1330
32,10,918,152,19,0,29,197,1,11,30,1,737,0,13348
25,7,407,25,13,0,15,30,1,0,0,0,71,0,954
24,5,256,23,12,0,13,63,0,0,1,0,68,0,925
13,11,163,121,24,0,26,90,2,4,23,4,174,13,5741
18,7,331,56,17,0,38,109,2,0,14,1,129,0,2473
164,7,936,72,14,0,26,383,0,0,6,1,1751,0,13301
91,6,429,20,12,0,11,104,1,0,2,1,272,0,2237
21,8,224,24,14,0,7,62,1,0,2,2,58,0,1135
17,8,144,46,15,0,14,64,1,0,10,3,78,0,2661
14,7,144,51,17,0,20,64,2,0,9,1,88,0,1816
8,8,144,69,18,0,11,47,2,7,11,4,66,0,2384
17,7,140,39,16,0,20,52,1,0,8,2,119,0,2267
36,5,251,8,8,3,4,18,0,0,1,0,34,0,449
64,5,1157,21,11,0,17,14,0,0,0,1,173,0,2831
28,6,204,78,12,0,29,84,1,0,28,0,285,0,4935
26,10,586,77,18,0,13,103,1,6,19,2,255,0,4339
35,6,168,15,9,0,8,34,1,0,0,1,58,0,765
17,8,499,89,19,0,18,105,1,0,32,0,185,0,4631
27,7,288,76,16,0,23,68,2,0,15,8,333,0,5087
33,8,364,41,15,0,10,76,1,0,10,1,191,0,2415
2519,5,14948,6,6,0,2,341,4,0,0,0,1416,0,17907
18,12,323,151,20,0,19,152,1,0,27,1,377,11,7166
25,9,142,44,14,0,13,72,2,0,10,0,114,0,2695
20,7,154,105,13,0,28,99,4,0,34,1,209,0,6339
11,6,145,32,14,0,13,43,1,0,1,1,39,0,950
18,7,145,34,14,0,7,81,1,0,7,1,68,0,1543
11,6,145,32,14,0,13,43,1,0,1,1,39,0,955
22,7,188,31,12,0,13,28,1,0,7,2,85,0,1680
39,8,1026,246,20,0,93,325,6,2,75,1,1227,0,76586
30,5,312,23,13,0,17,45,1,0,0,1,74,0,1069
27,7,345,74,19,0,27,111,0,0,31,4,273,0,5447
44,11,595,64,21,0,15,84,1,1,7,1,373,1,4340
23,6,169,14,9,0,7,30,1,0,0,1,31,0,554
12,7,164,48,14,0,16,57,2,0,13,4,64,0,2258
14,9,308,91,20,0,26,64,2,0,14,2,123,0,3548
25,9,250,129,23,0,34,154,1,17,41,1,608,1,8697
30,7,725,68,16,0,38,131,1,0,9,0,267,0,3802
40,7,282,48,14,0,17,82,1,0,18,2,247,0,4088
27,7,278,15,12,0,5,66,1,0,2,1,46,0,780
49,8,603,49,15,0,8,128,1,0,8,0,338,0,3731
34,9,909,105,19,0,31,99,1,0,31,8,472,0,7762
9,11,187,386,23,0,60,215,1,0,22,1,364,61,11148
10,10,146,143,23,0,32,107,1,1,29,14,148,6,7542
17,7,105,103,14,0,17,113,1,0,42,8,191,0,6693
50,6,503,33,10,0,19,56,0,0,8,4,208,0,2866
13,14,458,170,28,0,26,66,1,3,22,40,316,3,33483
13,7,141,16,12,0,6,29,0,0,2,1,26,0,705
16,8,237,73,16,0,20,97,1,4,14,0,122,0,3331
58,7,1427,66,16,0,26,115,1,0,17,0,506,0,5770
46,6,612,43,15,0,32,29,0,0,5,2,242,0,4213
27,7,181,33,13,0,11,56,1,0,3,0,106,0,1401
87,8,1194,57,16,0,22,109,2,4,4,3,665,0,6618
42,9,1068,44,18,0,19,74,1,0,16,2,270,2,3948
14,8,146,39,13,0,12,46,1,0,10,0,52,0,1732
15,9,235,116,23,0,27,110,1,4,22,3,204,1,4619
58,7,629,65,15,0,29,168,1,0,14,2,539,0,5489
100,7,602,25,13,0,11,76,0,0,0,1,339,0,2913
14,7,144,43,14,0,15,63,0,0,10,9,63,0,2398
8,7,98,68,13,0,20,86,0,0,11,8,95,0,8435
20,8,255,76,17,0,33,62,0,0,20,2,162,0,4021
18,7,146,50,17,0,20,74,1,0,16,2,102,0,2803
35,10,200,132,18,0,19,285,1,0,7,1,594,0,6900
9,8,157,51,15,0,28,105,2,0,10,0,103,0,2067
65,6,628,35,14,0,13,103,1,0,3,4,328,0,3283
6,12,128,63,18,0,11,57,1,0,10,7,45,2,2819
19,8,147,76,19,0,31,147,2,0,22,1,160,0,4505
16,7,170,127,17,0,37,250,1,1,38,0,247,0,6340
7,7,30,37,15,0,17,33,1,0,7,1,31,0,2708
14,7,193,80,15,0,25,61,1,0,26,3,133,0,4097
70,8,591,50,17,0,22,134,1,0,1,1,451,0,4314
24,7,470,52,15,0,24,37,1,0,15,3,174,0,4047
25,7,505,46,13,0,15,79,1,0,11,1,122,0,2585
28,8,836,149,23,0,35,117,3,0,35,2,512,0,8221
16,6,308,33,14,0,19,62,1,0,1,6,53,0,1420
47,7,687,95,20,0,37,116,1,2,8,2,594,0,6966
16,8,142,133,15,0,18,165,1,0,1,1,253,0,3836
18,9,146,43,16,0,11,81,2,0,6,1,95,0,1780
49,8,511,64,16,0,15,104,1,8,11,2,429,0,5113
41,6,1684,49,11,0,36,130,1,0,3,1,234,0,2786
12,7,294,64,14,0,30,99,2,0,23,1,88,0,3133
29,9,323,88,15,0,30,178,1,0,23,14,323,0,6474
24,7,161,26,18,0,15,72,1,0,3,1,75,0,1831
16,10,205,55,20,0,16,63,1,0,10,5,117,1,2590
46,7,525,73,17,0,35,190,1,0,13,6,458,0,5608
16,10,163,55,20,0,15,111,1,0,5,2,99,1,2786
15,7,165,38,15,0,13,73,2,0,8,4,57,0,1785
53,7,211,26,13,0,8,68,2,0,3,1,198,0,2007
22,10,161,65,22,0,12,136,1,4,2,1,182,1,2552
14,7,312,37,14,0,19,68,1,0,3,7,52,0,1720
42,6,320,27,13,0,16,66,1,0,0,1,158,0,1768
16,7,190,30,13,0,10,61,2,0,7,1,59,0,1311
25,7,17619,908,15,0,660,1310,118,0,57,2,2549,0,34271
73,7,375,62,15,0,45,184,1,0,1,1,636,0,5816
24,12,432,66,19,0,9,61,1,0,21,2,199,1,4217
82,6,725,20,10,0,10,88,1,0,0,0,247,0,1857
20,6,110,21,14,0,13,34,1,1,5,1,128,0,1525
12,10,70,78,22,0,20,90,2,4,21,0,127,5,4700
18,7,276,27,15,0,12,39,1,0,8,2,58,0,1464
50,6,826,49,12,0,28,65,1,0,6,2,295,0,3584
13,9,218,74,19,0,23,122,1,1,28,4,132,2,4836
33,9,452,79,17,0,24,177,1,0,23,3,367,0,5392
16,8,231,42,15,0,14,74,2,0,7,1,77,0,1998
15,8,260,39,15,0,22,72,1,1,11,1,65,0,1954
33,7,1157,109,15,0,37,159,3,0,25,0,463,0,11137
6,8,144,74,18,0,25,44,1,0,11,4,55,0,3973
11,9,166,137,17,0,28,95,1,0,38,11,201,0,7592
49,9,888,185,18,0,20,255,3,12,61,22,1241,0,16912
15,7,146,31,12,0,10,43,1,0,10,1,57,0,1576
14,7,91,48,17,0,26,97,1,0,13,1,159,0,4007
17,8,144,37,15,0,11,64,1,0,5,3,67,0,1899
10,11,130,84,22,0,15,78,1,0,17,2,78,2,3486
17,9,224,86,15,0,15,53,1,0,34,2,167,0,4879
23,9,244,50,18,0,17,66,2,0,11,0,154,0,2512
26,7,144,26,12,0,6,63,2,2,9,1,80,0,1604
12,6,145,32,14,0,13,43,1,0,1,1,39,0,983
16,8,568,102,17,0,29,79,10,0,20,17,168,0,5934
41,7,358,70,16,0,17,165,1,0,19,1,392,0,6187
30,9,545,212,19,0,54,121,1,0,45,36,839,0,14863
16,7,173,29,16,0,10,64,2,1,5,1,55,0,1205
22,10,432,99,23,0,24,118,0,6,10,6,301,2,5546
12,8,144,43,14,0,11,95,2,0,5,4,60,0,1974
25,5,145,11,10,0,7,30,1,0,0,1,31,0,505
14,7,257,48,16,0,22,68,1,3,6,1,109,0,1936
8,13,162,52,17,0,6,52,1,0,10,7,55,5,3266
23,9,803,97,17,0,33,92,1,0,20,10,295,0,5568
20,7,361,28,15,0,13,43,1,0,8,2,65,0,1540
38,7,365,72,15,0,29,122,1,6,15,1,386,0,4602
12,7,146,44,14,0,18,72,1,0,9,1,63,0,1667
171,6,1054,15,9,0,7,70,0,0,3,1,377,0,3040
33,6,618,33,12,0,21,58,1,0,7,2,131,0,1965
23,10,822,177,24,0,29,279,1,0,29,1,522,16,8814
83,7,782,45,18,0,20,113,1,0,6,1,488,0,4836
41,6,569,24,14,0,17,46,1,0,1,1,113,0,1508
23,6,424,29,13,0,18,55,1,0,1,1,67,0,1125
6,12,146,85,18,0,7,41,1,0,19,7,55,4,3701
12,12,354,165,20,0,33,96,2,0,30,17,246,6,8058
7,11,146,50,17,0,8,42,0,0,12,6,40,0,2329
14,5,35,9,9,0,5,27,1,0,1,0,27,0,474
9,12,172,67,18,0,21,57,1,0,11,9,69,1,4290
17,9,146,42,14,0,7,90,1,0,10,1,79,0,2069
15,8,200,43,20,0,15,69,2,0,2,1,75,0,1765
70,5,564,22,11,0,14,67,1,0,4,4,213,0,2624
29,7,202,77,18,0,19,137,2,2,11,1,288,0,3890
43,6,741,57,16,0,28,127,1,2,1,1,320,0,3309
41,12,328,35,14,0,9,74,2,0,3,1,207,5,2386
71,7,667,89,14,0,18,248,1,0,32,1,853,0,9504
24,8,153,52,13,0,11,85,1,0,10,1,130,0,2594
7,11,131,63,18,0,8,62,1,0,8,1,49,0,1979
55,6,1131,42,15,0,22,85,2,8,2,1,298,0,2993
16,8,195,48,20,0,14,100,1,1,13,1,124,0,2552
25,7,553,73,17,0,19,82,1,3,15,1,230,0,3632
40,7,316,141,19,0,32,190,1,0,53,1,734,0,16307
66,6,1163,34,12,0,14,102,1,0,1,1,307,0,2704
13,14,449,296,18,0,24,172,2,0,51,0,431,0,10381
39,7,177,45,14,0,21,72,0,0,2,2,363,0,3683
9,9,151,61,12,0,6,43,0,0,15,2,57,0,2474
16,8,180,30,16,0,14,69,1,0,4,5,57,0,1610
22,8,150,19,12,0,6,45,1,0,1,1,45,0,1003
20,6,473,70,13,0,32,75,1,0,10,8,176,0,3348
26,8,225,114,17,0,19,235,2,0,40,1,377,0,7015
14,7,315,30,12,0,18,48,0,0,5,1,53,0,1134
25,8,389,51,19,0,14,79,1,0,6,3,155,0,2845
18,9,465,56,23,0,26,43,1,0,9,2,115,1,2505
18,7,214,28,13,0,13,66,1,0,1,1,59,0,1131
38,7,403,43,16,0,22,81,2,1,10,1,210,0,3028
14,13,294,109,20,0,9,93,0,0,8,0,276,8,5807
15,8,167,73,20,0,27,128,3,0,11,0,113,0,3030
21,9,203,35,15,0,9,64,1,0,4,3,84,0,1913
19,7,146,57,14,0,19,59,1,0,5,6,120,0,2563
70,6,583,29,15,0,9,76,1,0,4,0,278,0,2670
36,5,470,23,13,0,17,45,1,0,0,1,96,0,1222
31,8,2345,104,14,0,57,166,1,0,7,4,435,0,4521
26,9,461,51,15,0,19,74,1,0,10,3,163,0,2910
17,7,143,29,11,0,13,55,1,0,9,0,56,0,1188
24,5,230,24,13,0,17,45,1,0,0,1,68,0,977
14,7,241,40,19,0,20,70,1,0,5,1,76,0,2375
57,7,523,37,14,0,12,77,1,0,8,3,302,0,3209
17,8,144,42,18,0,8,101,1,0,6,2,86,0,2077
49,6,1162,38,15,0,18,88,2,5,2,1,254,0,2517
12,9,95,67,18,0,8,44,1,0,8,5,84,0,2666
17,7,174,56,16,0,17,64,2,0,18,1,143,0,2912
14,8,143,35,15,0,11,63,1,0,4,3,51,0,1612
22,20,438,144,17,0,18,120,1,0,38,10,467,0,9419
8,6,181,52,13,0,37,34,1,0,10,6,49,0,2292
34,6,360,38,11,0,19,42,2,0,12,1,161,0,2798
11,8,152,87,18,0,24,86,1,0,10,2,105,0,2885
20,6,143,27,11,0,8,71,1,0,4,0,70,0,1071
13,8,83,55,17,0,20,82,1,0,8,3,98,0,2847
18,7,171,72,16,0,24,85,1,1,17,4,155,0,3912
19,6,143,17,12,0,7,30,1,0,2,2,35,0,778
7,14,146,100,16,0,11,93,3,0,22,14,76,12,5066
23,9,147,95,24,0,22,143,1,0,7,1,238,2,4256
22,20,438,144,17,0,18,120,1,0,38,10,467,0,9319
24,6,335,22,12,0,12,30,1,3,4,1,64,0,1085
99,7,682,24,13,0,10,65,0,0,0,1,323,0,2791
6,12,144,103,22,0,12,72,2,0,16,7,55,2,4044
17,7,164,47,16,0,17,31,1,0,11,1,87,0,2127
27,7,211,71,16,0,25,161,1,0,18,7,280,0,4595
17,8,142,52,15,0,10,110,1,0,1,1,97,0,1689
36,7,372,35,14,0,13,47,2,1,11,1,156,0,2560
36,7,493,43,16,0,14,92,1,0,10,1,229,0,2668
54,8,245,46,13,0,10,106,1,0,1,0,332,0,3289
31,7,280,39,13,0,10,41,1,0,13,1,111,0,2603
8,9,146,121,18,0,27,92,2,0,33,28,109,0,7422
17,9,146,50,15,0,15,55,1,3,12,2,94,0,3962
24,5,208,23,13,0,17,45,1,0,0,1,59,0,950
16,8,144,36,15,0,13,64,1,0,6,3,63,0,1971
41,8,361,30,14,0,12,70,1,0,0,2,159,0,1764
15,8,143,35,15,0,16,63,1,0,5,3,56,0,1728
43,6,402,25,11,0,7,40,1,0,9,0,158,0,1921
23,6,406,30,12,0,14,42,1,0,6,7,75,0,2046
32,8,534,768,18,0,116,1457,1,6,170,1,3079,0,118256
27,7,670,53,16,0,17,112,1,0,7,1,176,0,2557
77,6,1629,46,16,0,24,96,2,5,5,1,518,0,5204
16,7,145,22,12,0,11,40,1,0,4,0,41,0,813
33,8,596,120,15,0,17,180,1,0,33,0,507,0,9642
40,7,1373,56,18,0,21,84,2,2,8,1,292,0,4025
46,7,506,42,13,0,17,90,2,0,13,3,264,0,3379
15,8,143,32,15,0,13,63,1,0,4,3,50,0,1581
31,9,472,35,11,0,10,38,0,0,9,4,143,0,2452
48,6,893,41,14,0,22,78,1,2,6,1,252,0,4067
38,8,1344,53,23,0,26,90,1,0,10,3,232,1,3565
29,7,316,54,13,0,17,123,2,1,12,0,360,0,5887
64,7,504,80,20,0,24,241,3,4,17,1,735,0,7509
22,6,608,43,15,0,15,52,2,0,5,5,112,0,2570
62,7,724,33,13,0,11,63,1,0,14,0,292,0,3415
16,8,144,50,15,0,11,64,1,0,12,3,79,0,2967
14,8,532,91,18,0,25,79,1,0,12,1,148,0,3403
11,71,142,205,23,0,25,161,3,0,40,8,247,2,13896
49,7,280,23,12,0,9,69,1,0,6,1,142,0,1873
14,7,243,75,15,0,23,75,1,0,17,22,122,0,4669
14,8,143,33,15,0,14,63,1,0,4,3,47,0,1584
24,7,245,34,13,0,12,43,1,0,11,1,102,0,2080
13,8,143,35,15,0,16,63,1,0,5,3,50,0,1700
23,9,270,50,11,0,10,78,2,0,14,0,130,0,2728
25,6,153,23,12,0,10,65,2,0,4,1,68,0,1127
15,9,529,121,17,0,70,85,2,0,37,1,197,0,6060
11,11,144,46,16,0,17,81,1,0,13,1,53,2,2056
31,7,652,84,17,0,26,151,1,0,24,1,341,0,29058
74,9,1945,258,20,0,113,950,2,0,18,1,2621,0,23023
12,6,72,25,13,0,16,58,0,0,2,2,158,0,1866
10,7,164,46,13,0,10,57,1,0,12,9,53,0,2656
29,8,311,36,15,0,15,64,1,0,6,3,117,0,2431
9,12,209,84,26,0,12,78,1,0,9,6,115,6,4166
116,6,1177,20,13,0,10,94,2,0,1,1,324,0,2667
21,6,143,12,10,0,6,30,1,0,1,1,25,0,541
41,10,631,53,16,0,14,91,1,0,8,2,296,2,3756
26,11,682,72,15,0,21,80,1,0,19,7,250,0,4645
30,10,566,62,24,0,13,76,0,0,7,6,236,2,4504
40,7,260,40,14,0,12,74,2,0,6,1,216,0,2715
15,7,145,30,14,0,7,62,1,0,5,1,50,0,1244
28,7,385,64,17,0,36,45,0,0,8,4,248,0,4123
23,7,448,33,14,0,15,65,3,0,7,2,91,0,1653
21,10,260,122,21,0,14,109,4,0,35,3,328,1,7166
56,6,1219,37,15,0,18,93,2,5,0,1,266,0,2608
28,7,956,70,14,0,33,93,1,0,15,1,237,0,3692
19,8,151,113,19,0,23,146,2,0,36,1,247,0,5938
20,7,323,60,14,0,18,77,1,0,17,0,135,0,2905
29,6,497,38,15,0,18,84,2,5,2,1,144,0,1770
22,6,276,20,12,0,10,30,1,3,2,1,52,0,834
13,7,226,48,14,0,24,64,1,0,6,0,63,0,1514
34,7,177,46,14,0,21,128,0,0,2,2,311,0,3135
20,8,140,48,14,0,13,67,2,0,15,0,135,0,8356
24,8,208,116,16,0,25,227,1,0,14,0,376,0,4939
13,7,293,38,17,0,13,31,1,0,2,4,57,0,1488
16,10,164,50,20,0,15,62,1,0,6,2,87,1,2662
68,8,1433,33,14,0,16,56,1,0,10,1,312,0,3406
61,6,832,20,13,0,9,32,0,0,1,2,166,0,1653
101,6,502,23,12,0,10,35,1,1,1,2,320,0,2859
31,7,594,69,17,0,31,124,2,3,13,1,251,0,3870
12,6,60,28,12,0,14,39,0,0,2,2,102,0,1474
8,7,145,39,17,0,14,30,1,0,2,4,40,0,1308
16,6,277,43,12,0,35,41,2,0,15,2,108,0,2476
8,13,144,52,15,0,15,31,1,0,2,4,39,0,1652
25,6,154,22,12,0,10,65,2,0,3,1,64,0,1041
33,7,179,49,14,0,20,106,0,0,3,4,370,0,3392
19,6,166,14,9,0,7,30,1,0,0,1,27,0,485
